 &plot nbnd=  10, nks=   201 /
            0.000000  0.000000  0.000000
   -5.368   -5.368   -5.368   -5.204   -5.204   -0.176   19.283   19.283   19.283   21.870
           -0.025000  0.000000  0.000000
   -5.368   -5.367   -5.367   -5.204   -5.204   -0.172   19.250   19.263   19.263   21.852
           -0.050000  0.000000  0.000000
   -5.369   -5.365   -5.365   -5.204   -5.203   -0.160   19.156   19.204   19.204   21.799
           -0.075000  0.000000  0.000000
   -5.369   -5.361   -5.361   -5.203   -5.201   -0.140   19.009   19.109   19.109   21.716
           -0.100000  0.000000  0.000000
   -5.387   -5.387   -5.376   -5.239   -5.199   -0.111   18.819   18.983   18.983   21.611
           -0.125000  0.000000  0.000000
   -5.382   -5.382   -5.377   -5.215   -5.196   -0.075   18.599   18.832   18.832   21.489
           -0.150000  0.000000  0.000000
   -5.384   -5.384   -5.379   -5.304   -5.193   -0.030   18.355   18.660   18.660   21.357
           -0.175000  0.000000  0.000000
   -5.381   -5.376   -5.376   -5.310   -5.189    0.023   18.094   18.472   18.472   21.218
           -0.200000  0.000000  0.000000
   -5.407   -5.407   -5.402   -5.323   -5.184    0.084   17.821   18.271   18.271   21.074
           -0.225000  0.000000  0.000000
   -5.405   -5.398   -5.398   -5.328   -5.179    0.153   17.538   18.064   18.064   20.931
           -0.250000  0.000000  0.000000
   -5.472   -5.420   -5.420   -5.356   -5.233    0.231   17.248   17.849   17.849   20.779
           -0.275000  0.000000  0.000000
   -5.477   -5.409   -5.409   -5.362   -5.228    0.316   16.951   17.633   17.633   20.637
           -0.300000  0.000000  0.000000
   -5.481   -5.397   -5.397   -5.368   -5.223    0.410   16.648   17.416   17.416   20.498
           -0.325000  0.000000  0.000000
   -5.574   -5.438   -5.438   -5.382   -5.232    0.512   16.341   17.197   17.197   20.348
           -0.350000  0.000000  0.000000
   -5.581   -5.424   -5.424   -5.388   -5.226    0.622   16.028   16.982   16.982   20.215
           -0.375000  0.000000  0.000000
   -5.588   -5.409   -5.409   -5.393   -5.220    0.740   15.710   16.769   16.769   20.087
           -0.400000  0.000000  0.000000
   -5.595   -5.399   -5.394   -5.394   -5.213    0.866   15.387   16.561   16.561   19.963
           -0.425000  0.000000  0.000000
   -5.604   -5.479   -5.396   -5.396   -5.206    0.999   15.060   16.356   16.356   19.844
           -0.450000  0.000000  0.000000
   -5.611   -5.487   -5.379   -5.379   -5.199    1.140   14.727   16.157   16.157   19.729
           -0.475000  0.000000  0.000000
   -5.617   -5.371   -5.321   -5.321   -5.188    1.291   14.390   15.966   15.966   19.621
           -0.500000  0.000000  0.000000
   -5.624   -5.384   -5.305   -5.305   -5.181    1.448   14.049   15.779   15.779   19.517
           -0.525000  0.000000  0.000000
   -5.631   -5.396   -5.289   -5.289   -5.172    1.612   13.705   15.599   15.599   19.327
           -0.550000  0.000000  0.000000
   -5.638   -5.408   -5.272   -5.272   -5.164    1.783   13.357   15.426   15.426   19.087
           -0.575000  0.000000  0.000000
   -5.644   -5.422   -5.293   -5.293   -5.179    1.961   13.007   15.259   15.259   18.864
           -0.600000  0.000000  0.000000
   -5.650   -5.432   -5.277   -5.277   -5.171    2.146   12.657   15.101   15.101   18.658
           -0.625000  0.000000  0.000000
   -5.656   -5.442   -5.260   -5.260   -5.164    2.338   12.306   14.952   14.952   18.469
           -0.650000  0.000000  0.000000
   -5.629   -5.440   -5.163   -5.163   -5.146    2.535   11.956   14.812   14.812   18.298
           -0.675000  0.000000  0.000000
   -5.635   -5.449   -5.148   -5.148   -5.138    2.738   11.608   14.680   14.680   18.140
           -0.700000  0.000000  0.000000
   -5.641   -5.456   -5.133   -5.133   -5.131    2.945   11.264   14.556   14.556   17.997
           -0.725000  0.000000  0.000000
   -5.650   -5.518   -5.223   -5.201   -5.201    3.155   10.925   14.440   14.440   17.858
           -0.750000  0.000000  0.000000
   -5.655   -5.524   -5.217   -5.189   -5.189    3.369   10.592   14.335   14.335   17.742
           -0.775000  0.000000  0.000000
   -5.650   -5.471   -5.206   -5.111   -5.111    3.586   10.268   14.240   14.240   17.650
           -0.800000  0.000000  0.000000
   -5.654   -5.476   -5.200   -5.102   -5.102    3.801    9.955   14.154   14.154   17.559
           -0.825000  0.000000  0.000000
   -5.657   -5.481   -5.195   -5.094   -5.094    4.013    9.655   14.078   14.078   17.480
           -0.850000  0.000000  0.000000
   -5.660   -5.484   -5.189   -5.086   -5.086    4.219    9.372   14.011   14.011   17.412
           -0.875000  0.000000  0.000000
   -5.662   -5.486   -5.184   -5.078   -5.078    4.414    9.111   13.955   13.955   17.356
           -0.900000  0.000000  0.000000
   -5.663   -5.487   -5.179   -5.071   -5.071    4.593    8.879   13.909   13.909   17.310
           -0.925000  0.000000  0.000000
   -5.663   -5.486   -5.174   -5.064   -5.064    4.747    8.682   13.872   13.872   17.275
           -0.950000  0.000000  0.000000
   -5.684   -5.485   -5.209   -5.136   -5.136    4.868    8.531   13.847   13.847   17.250
           -0.975000  0.000000  0.000000
   -5.632   -5.517   -5.125   -5.073   -5.073    4.944    8.435   13.831   13.831   17.230
           -1.000000  0.000000  0.000000
   -5.632   -5.425   -5.125   -5.068   -5.068    4.974    8.402   13.826   13.826   17.242
           -1.000000  0.012500  0.000000
   -5.632   -5.425   -5.125   -5.068   -5.068    4.975    8.403   13.821   13.821   17.250
           -1.000000  0.025000  0.000000
   -5.635   -5.427   -5.168   -5.129   -5.069    4.975    8.407   13.805   13.806   17.273
           -1.000000  0.037500  0.000000
   -5.679   -5.428   -5.169   -5.162   -5.100    4.976    8.414   13.779   13.782   17.311
           -1.000000  0.050000  0.000000
   -5.678   -5.416   -5.162   -5.131   -5.100    4.977    8.423   13.744   13.748   17.367
           -1.000000  0.062500  0.000000
   -5.666   -5.414   -5.114   -5.097   -5.093    4.978    8.434   13.700   13.707   17.433
           -1.000000  0.075000  0.000000
   -5.664   -5.413   -5.116   -5.102   -5.094    4.980    8.449   13.646   13.659   17.513
           -1.000000  0.087500  0.000000
   -5.662   -5.392   -5.116   -5.094   -5.076    4.983    8.465   13.586   13.605   17.607
           -1.000000  0.100000  0.000000
   -5.660   -5.391   -5.118   -5.095   -5.081    4.985    8.485   13.518   13.546   17.709
           -1.000000  0.112500  0.000000
   -5.656   -5.389   -5.120   -5.095   -5.087    4.987    8.507   13.443   13.483   17.820
           -1.000000  0.125000  0.000000
   -5.653   -5.387   -5.123   -5.095   -5.093    4.990    8.531   13.363   13.417   17.940
           -1.000000  0.137500  0.000000
   -5.649   -5.384   -5.125   -5.100   -5.095    4.993    8.558   13.279   13.348   18.068
           -1.000000  0.150000  0.000000
   -5.645   -5.382   -5.127   -5.106   -5.095    4.996    8.588   13.189   13.278   18.204
           -1.000000  0.162500  0.000000
   -5.640   -5.379   -5.129   -5.113   -5.095    4.999    8.620   13.097   13.207   18.346
           -1.000000  0.175000  0.000000
   -5.625   -5.470   -5.156   -5.116   -5.092    5.000    8.654   13.001   13.132   18.480
           -1.000000  0.187500  0.000000
   -5.619   -5.468   -5.159   -5.123   -5.093    5.004    8.691   12.902   13.060   18.634
           -1.000000  0.200000  0.000000
   -5.613   -5.465   -5.161   -5.130   -5.094    5.008    8.731   12.801   12.988   18.793
           -1.000000  0.212500  0.000000
   -5.624   -5.482   -5.229   -5.142   -5.094    5.011    8.772   12.698   12.918   18.952
           -1.000000  0.225000  0.000000
   -5.618   -5.479   -5.233   -5.150   -5.095    5.015    8.817   12.594   12.849   19.120
           -1.000000  0.237500  0.000000
   -5.611   -5.475   -5.237   -5.158   -5.095    5.019    8.863   12.488   12.781   19.292
           -1.000000  0.250000  0.000000
   -5.603   -5.471   -5.242   -5.166   -5.096    5.023    8.912   12.382   12.715   19.467
           -1.000000  0.262500  0.000000
   -5.561   -5.452   -5.207   -5.159   -5.093    5.028    8.964   12.277   12.652   19.649
           -1.000000  0.275000  0.000000
   -5.554   -5.449   -5.211   -5.168   -5.093    5.032    9.017   12.169   12.591   19.831
           -1.000000  0.287500  0.000000
   -5.546   -5.445   -5.216   -5.177   -5.094    5.036    9.073   12.062   12.532   20.015
           -1.000000  0.300000  0.000000
   -5.538   -5.441   -5.220   -5.186   -5.094    5.040    9.131   11.955   12.475   20.202
           -1.000000  0.312500  0.000000
   -5.529   -5.437   -5.224   -5.195   -5.094    5.044    9.192   11.848   12.422   20.392
           -1.000000  0.325000  0.000000
   -5.521   -5.434   -5.229   -5.204   -5.094    5.048    9.254   11.741   12.371   20.583
           -1.000000  0.337500  0.000000
   -5.511   -5.430   -5.232   -5.213   -5.094    5.051    9.319   11.634   12.324   20.776
           -1.000000  0.350000  0.000000
   -5.502   -5.426   -5.236   -5.222   -5.094    5.055    9.386   11.529   12.279   20.969
           -1.000000  0.362500  0.000000
   -5.490   -5.407   -5.231   -5.159   -5.091    5.058    9.457   11.424   12.239   21.165
           -1.000000  0.375000  0.000000
   -5.480   -5.403   -5.234   -5.169   -5.091    5.062    9.528   11.320   12.201   21.358
           -1.000000  0.387500  0.000000
   -5.423   -5.394   -5.209   -5.120   -5.080    5.064    9.603   11.219   12.167   21.552
           -1.000000  0.400000  0.000000
   -5.413   -5.390   -5.212   -5.132   -5.080    5.067    9.679   11.116   12.136   21.743
           -1.000000  0.412500  0.000000
   -5.403   -5.387   -5.215   -5.143   -5.080    5.070    9.756   11.015   12.109   21.930
           -1.000000  0.425000  0.000000
   -5.393   -5.385   -5.217   -5.155   -5.080    5.072    9.835   10.915   12.085   22.110
           -1.000000  0.437500  0.000000
   -5.382   -5.382   -5.219   -5.166   -5.079    5.073    9.916   10.817   12.064   22.282
           -1.000000  0.450000  0.000000
   -5.420   -5.375   -5.222   -5.222   -5.094    5.075    9.998   10.719   12.044   22.435
           -1.000000  0.462500  0.000000
   -5.432   -5.377   -5.289   -5.223   -5.118    5.076   10.080   10.623   12.030   22.572
           -1.000000  0.475000  0.000000
   -5.431   -5.366   -5.319   -5.259   -5.119    5.076   10.166   10.528   12.021   22.681
           -1.000000  0.487500  0.000000
   -5.430   -5.355   -5.331   -5.260   -5.119    5.077   10.254   10.435   12.015   22.752
           -1.000000  0.500000  0.000000
   -5.430   -5.343   -5.343   -5.260   -5.119    5.077   10.344   10.344   12.013   22.777
           -0.987500  0.500000  0.012500
   -5.430   -5.343   -5.342   -5.260   -5.119    5.073   10.329   10.353   12.032   22.757
           -0.975000  0.500000  0.025000
   -5.383   -5.335   -5.268   -5.237   -5.061    5.061   10.287   10.380   12.090   22.704
           -0.962500  0.500000  0.037500
   -5.366   -5.336   -5.250   -5.223   -5.063    5.041   10.219   10.425   12.175   22.619
           -0.950000  0.500000  0.050000
   -5.368   -5.316   -5.223   -5.221   -5.061    5.014   10.134   10.487   12.283   22.514
           -0.937500  0.500000  0.062500
   -5.374   -5.318   -5.221   -5.217   -5.064    4.980   10.035   10.565   12.408   22.395
           -0.925000  0.500000  0.075000
   -5.394   -5.287   -5.200   -5.191   -5.076    4.940    9.928   10.661   12.548   22.268
           -0.912500  0.500000  0.087500
   -5.398   -5.290   -5.203   -5.184   -5.080    4.894    9.815   10.769   12.699   22.139
           -0.900000  0.500000  0.100000
   -5.413   -5.300   -5.215   -5.203   -5.082    4.844    9.697   10.892   12.857   22.007
           -0.887500  0.500000  0.112500
   -5.412   -5.303   -5.194   -5.193   -5.066    4.790    9.579   11.029   13.025   21.878
           -0.875000  0.500000  0.125000
   -5.448   -5.329   -5.259   -5.208   -5.087    4.733    9.458   11.177   13.195   21.747
           -0.862500  0.500000  0.137500
   -5.451   -5.334   -5.252   -5.212   -5.093    4.673    9.341   11.337   13.373   21.622
           -0.850000  0.500000  0.150000
   -5.454   -5.339   -5.244   -5.216   -5.097    4.612    9.224   11.507   13.556   21.500
           -0.837500  0.500000  0.162500
   -5.457   -5.367   -5.277   -5.253   -5.105    4.550    9.109   11.686   13.741   21.382
           -0.825000  0.500000  0.175000
   -5.459   -5.371   -5.269   -5.260   -5.109    4.487    8.997   11.876   13.929   21.269
           -0.812500  0.500000  0.187500
   -5.461   -5.376   -5.266   -5.260   -5.112    4.425    8.888   12.075   14.120   21.161
           -0.800000  0.500000  0.200000
   -5.461   -5.380   -5.249   -5.244   -5.097    4.363    8.781   12.282   14.312   21.058
           -0.787500  0.500000  0.212500
   -5.462   -5.384   -5.251   -5.240   -5.101    4.301    8.678   12.496   14.505   20.961
           -0.775000  0.500000  0.225000
   -5.462   -5.388   -5.259   -5.230   -5.105    4.241    8.579   12.717   14.699   20.871
           -0.762500  0.500000  0.237500
   -5.462   -5.392   -5.267   -5.220   -5.108    4.183    8.482   12.945   14.893   20.787
           -0.750000  0.500000  0.250000
   -5.442   -5.395   -5.269   -5.196   -5.099    4.126    8.390   13.178   15.087   20.713
           -0.737500  0.500000  0.262500
   -5.441   -5.400   -5.297   -5.207   -5.111    4.071    8.301   13.416   15.279   20.645
           -0.725000  0.500000  0.275000
   -5.441   -5.420   -5.308   -5.232   -5.114    4.017    8.216   13.659   15.469   20.585
           -0.712500  0.500000  0.287500
   -5.440   -5.423   -5.318   -5.224   -5.114    3.967    8.135   13.907   15.656   20.535
           -0.700000  0.500000  0.300000
   -5.443   -5.427   -5.329   -5.216   -5.161    3.918    8.058   14.158   15.839   20.495
           -0.687500  0.500000  0.312500
   -5.438   -5.418   -5.338   -5.172   -5.161    3.873    7.986   14.412   16.018   20.466
           -0.675000  0.500000  0.325000
   -5.495   -5.426   -5.358   -5.184   -5.172    3.830    7.918   14.668   16.188   20.443
           -0.662500  0.500000  0.337500
   -5.494   -5.430   -5.367   -5.177   -5.171    3.790    7.854   14.925   16.353   20.439
           -0.650000  0.500000  0.350000
   -5.461   -5.431   -5.357   -5.171   -5.169    3.753    7.795   15.185   16.510   20.450
           -0.637500  0.500000  0.362500
   -5.485   -5.435   -5.417   -5.189   -5.176    3.718    7.740   15.441   16.656   20.471
           -0.625000  0.500000  0.375000
   -5.485   -5.437   -5.427   -5.183   -5.175    3.686    7.690   15.696   16.791   20.509
           -0.612500  0.500000  0.387500
   -5.495   -5.458   -5.438   -5.188   -5.185    3.657    7.645   15.948   16.914   20.562
           -0.600000  0.500000  0.400000
   -5.495   -5.462   -5.444   -5.187   -5.180    3.631    7.604   16.194   17.024   20.630
           -0.587500  0.500000  0.412500
   -5.494   -5.466   -5.449   -5.186   -5.174    3.609    7.568   16.431   17.121   20.711
           -0.575000  0.500000  0.425000
   -5.528   -5.470   -5.456   -5.223   -5.201    3.589    7.536   16.655   17.203   20.802
           -0.562500  0.500000  0.437500
   -5.522   -5.473   -5.458   -5.210   -5.161    3.572    7.510   16.863   17.272   20.903
           -0.550000  0.500000  0.450000
   -5.495   -5.476   -5.447   -5.215   -5.196    3.558    7.488   17.048   17.328   21.008
           -0.537500  0.500000  0.462500
   -5.501   -5.498   -5.454   -5.218   -5.216    3.547    7.471   17.204   17.370   21.107
           -0.525000  0.500000  0.475000
   -5.502   -5.500   -5.455   -5.217   -5.216    3.540    7.459   17.323   17.400   21.192
           -0.512500  0.500000  0.487500
   -5.502   -5.502   -5.456   -5.216   -5.216    3.535    7.451   17.398   17.418   21.250
           -0.500000  0.500000  0.500000
   -5.502   -5.502   -5.456   -5.216   -5.216    3.534    7.449   17.424   17.424   21.271
           -0.487500  0.487500  0.487500
   -5.502   -5.502   -5.456   -5.216   -5.216    3.518    7.471   17.426   17.426   21.251
           -0.475000  0.475000  0.475000
   -5.501   -5.501   -5.455   -5.217   -5.217    3.472    7.537   17.433   17.433   21.210
           -0.462500  0.462500  0.462500
   -5.500   -5.500   -5.454   -5.218   -5.218    3.399    7.642   17.444   17.444   21.167
           -0.450000  0.450000  0.450000
   -5.492   -5.492   -5.445   -5.149   -5.149    3.303    7.785   17.460   17.460   21.126
           -0.437500  0.437500  0.437500
   -5.490   -5.490   -5.442   -5.152   -5.152    3.188    7.959   17.481   17.481   21.087
           -0.425000  0.425000  0.425000
   -5.450   -5.450   -5.434   -5.157   -5.157    3.059    8.160   17.505   17.505   21.053
           -0.412500  0.412500  0.412500
   -5.450   -5.450   -5.431   -5.162   -5.162    2.919    8.385   17.534   17.534   21.023
           -0.400000  0.400000  0.400000
   -5.449   -5.449   -5.426   -5.167   -5.167    2.772    8.630   17.567   17.567   20.996
           -0.387500  0.387500  0.387500
   -5.447   -5.447   -5.421   -5.172   -5.172    2.621    8.892   17.604   17.604   20.973
           -0.375000  0.375000  0.375000
   -5.476   -5.447   -5.447   -5.186   -5.186    2.465    9.169   17.645   17.645   20.947
           -0.362500  0.362500  0.362500
   -5.442   -5.442   -5.428   -5.145   -5.145    2.312    9.461   17.690   17.690   20.937
           -0.350000  0.350000  0.350000
   -5.456   -5.456   -5.439   -5.214   -5.214    2.157    9.763   17.738   17.738   20.925
           -0.337500  0.337500  0.337500
   -5.454   -5.454   -5.438   -5.225   -5.225    2.005   10.077   17.790   17.790   20.917
           -0.325000  0.325000  0.325000
   -5.452   -5.452   -5.437   -5.235   -5.235    1.855   10.401   17.845   17.845   20.913
           -0.312500  0.312500  0.312500
   -5.450   -5.450   -5.410   -5.244   -5.244    1.709   10.735   17.902   17.902   20.916
           -0.300000  0.300000  0.300000
   -5.449   -5.449   -5.410   -5.254   -5.254    1.567   11.077   17.963   17.963   20.920
           -0.287500  0.287500  0.287500
   -5.461   -5.454   -5.454   -5.312   -5.312    1.428   11.424   18.026   18.026   20.922
           -0.275000  0.275000  0.275000
   -5.460   -5.452   -5.452   -5.323   -5.323    1.294   11.780   18.091   18.091   20.933
           -0.262500  0.262500  0.262500
   -5.442   -5.442   -5.429   -5.279   -5.279    1.166   12.145   18.158   18.158   20.952
           -0.250000  0.250000  0.250000
   -5.441   -5.441   -5.429   -5.290   -5.290    1.043   12.515   18.227   18.227   20.971
           -0.237500  0.237500  0.237500
   -5.501   -5.441   -5.441   -5.305   -5.305    0.925   12.887   18.297   18.297   20.985
           -0.225000  0.225000  0.225000
   -5.503   -5.441   -5.441   -5.313   -5.313    0.813   13.268   18.368   18.368   21.011
           -0.212500  0.212500  0.212500
   -5.504   -5.442   -5.442   -5.321   -5.321    0.706   13.654   18.440   18.440   21.041
           -0.200000  0.200000  0.200000
   -5.481   -5.359   -5.359   -5.264   -5.264    0.606   14.045   18.514   18.514   21.078
           -0.187500  0.187500  0.187500
   -5.482   -5.364   -5.364   -5.268   -5.268    0.511   14.439   18.586   18.586   21.115
           -0.175000  0.175000  0.175000
   -5.484   -5.370   -5.370   -5.271   -5.271    0.423   14.836   18.657   18.657   21.156
           -0.162500  0.162500  0.162500
   -5.485   -5.376   -5.376   -5.272   -5.272    0.340   15.236   18.728   18.728   21.200
           -0.150000  0.150000  0.150000
   -5.486   -5.383   -5.383   -5.272   -5.272    0.264   15.637   18.797   18.797   21.247
           -0.137500  0.137500  0.137500
   -5.486   -5.389   -5.389   -5.272   -5.272    0.193   16.038   18.863   18.863   21.298
           -0.125000  0.125000  0.125000
   -5.487   -5.395   -5.395   -5.270   -5.270    0.129   16.438   18.927   18.927   21.351
           -0.112500  0.112500  0.112500
   -5.480   -5.392   -5.392   -5.203   -5.203    0.071   16.835   18.988   18.988   21.408
           -0.100000  0.100000  0.100000
   -5.479   -5.397   -5.397   -5.242   -5.242    0.019   17.225   19.045   19.045   21.466
           -0.087500  0.087500  0.087500
   -5.475   -5.354   -5.354   -5.216   -5.216   -0.027   17.605   19.097   19.097   21.526
           -0.075000  0.075000  0.075000
   -5.406   -5.357   -5.357   -5.214   -5.214   -0.066   17.971   19.144   19.144   21.590
           -0.062500  0.062500  0.062500
   -5.407   -5.361   -5.361   -5.215   -5.215   -0.100   18.314   19.185   19.185   21.651
           -0.050000  0.050000  0.050000
   -5.364   -5.362   -5.362   -5.202   -5.202   -0.128   18.626   19.219   19.219   21.713
           -0.037500  0.037500  0.037500
   -5.366   -5.365   -5.365   -5.203   -5.203   -0.149   18.894   19.247   19.247   21.770
           -0.025000  0.025000  0.025000
   -5.367   -5.367   -5.367   -5.203   -5.203   -0.164   19.102   19.266   19.266   21.820
           -0.012500  0.012500  0.012500
   -5.368   -5.368   -5.368   -5.204   -5.204   -0.173   19.236   19.279   19.279   21.857
            0.000000  0.000000  0.000000
   -5.368   -5.368   -5.368   -5.204   -5.204   -0.176   19.283   19.283   19.283   21.870
           -0.018750  0.018750  0.000000
   -5.368   -5.368   -5.367   -5.204   -5.204   -0.172   19.222   19.260   19.285   21.850
           -0.037500  0.037500  0.000000
   -5.367   -5.366   -5.365   -5.203   -5.203   -0.158   19.049   19.192   19.291   21.798
           -0.056250  0.056250  0.000000
   -5.366   -5.364   -5.361   -5.203   -5.201   -0.135   18.789   19.078   19.302   21.733
           -0.075000  0.075000  0.000000
   -5.396   -5.385   -5.366   -5.230   -5.208   -0.103   18.468   18.919   19.315   21.672
           -0.093750  0.093750  0.000000
   -5.395   -5.379   -5.363   -5.230   -5.206   -0.062   18.106   18.720   19.331   21.631
           -0.112500  0.112500  0.000000
   -5.422   -5.374   -5.358   -5.211   -5.192   -0.011   17.719   18.485   19.348   21.612
           -0.131250  0.131250  0.000000
   -5.479   -5.412   -5.356   -5.232   -5.224    0.048   17.317   18.219   19.365   21.618
           -0.150000  0.150000  0.000000
   -5.528   -5.412   -5.359   -5.304   -5.246    0.117   16.907   17.931   19.380   21.648
           -0.168750  0.168750  0.000000
   -5.530   -5.403   -5.353   -5.308   -5.244    0.195   16.495   17.628   19.391   21.703
           -0.187500  0.187500  0.000000
   -5.535   -5.434   -5.378   -5.336   -5.245    0.282   16.082   17.314   19.395   21.777
           -0.206250  0.206250  0.000000
   -5.535   -5.446   -5.371   -5.368   -5.247    0.378   15.673   16.993   19.389   21.869
           -0.225000  0.225000  0.000000
   -5.535   -5.442   -5.371   -5.363   -5.239    0.484   15.269   16.668   19.371   21.977
           -0.243750  0.243750  0.000000
   -5.534   -5.438   -5.373   -5.355   -5.230    0.598   14.873   16.340   19.338   22.101
           -0.262500  0.262500  0.000000
   -5.531   -5.436   -5.374   -5.346   -5.220    0.721   14.484   16.013   19.287   22.238
           -0.281250  0.281250  0.000000
   -5.528   -5.441   -5.375   -5.336   -5.227    0.853   14.105   15.686   19.217   22.387
           -0.300000  0.300000  0.000000
   -5.525   -5.440   -5.375   -5.326   -5.217    0.994   13.736   15.362   19.125   22.549
           -0.318750  0.318750  0.000000
   -5.520   -5.439   -5.374   -5.315   -5.206    1.143   13.377   15.040   19.013   22.301
           -0.337500  0.337500  0.000000
   -5.505   -5.422   -5.400   -5.309   -5.142    1.301   13.031   14.724   18.881   22.042
           -0.356250  0.356250  0.000000
   -5.499   -5.424   -5.402   -5.297   -5.134    1.466   12.697   14.410   18.730   21.791
           -0.375000  0.375000  0.000000
   -5.493   -5.427   -5.402   -5.285   -5.127    1.638   12.377   14.102   18.564   21.548
           -0.393750  0.393750  0.000000
   -5.485   -5.430   -5.402   -5.273   -5.120    1.817   12.070   13.799   18.383   21.313
           -0.412500  0.412500  0.000000
   -5.424   -5.386   -5.353   -5.245   -5.172    2.002   11.779   13.509   18.194   21.088
           -0.431250  0.431250  0.000000
   -5.428   -5.380   -5.353   -5.232   -5.171    2.192   11.502   13.217   17.994   20.870
           -0.450000  0.450000  0.000000
   -5.441   -5.381   -5.352   -5.219   -5.208    2.387   11.243   12.931   17.788   20.660
           -0.468750  0.468750  0.000000
   -5.433   -5.355   -5.341   -5.206   -5.145    2.588   11.001   12.653   17.579   20.459
           -0.487500  0.487500  0.000000
   -5.438   -5.346   -5.338   -5.192   -5.152    2.790   10.778   12.381   17.367   20.265
           -0.506250  0.506250  0.000000
   -5.454   -5.374   -5.334   -5.179   -5.165    2.993   10.575   12.114   17.154   20.079
           -0.525000  0.525000  0.000000
   -5.452   -5.348   -5.271   -5.171   -5.144    3.196   10.393   11.857   16.945   19.904
           -0.543750  0.543750  0.000000
   -5.458   -5.337   -5.266   -5.181   -5.131    3.396   10.234   11.607   16.735   19.735
           -0.562500  0.562500  0.000000
   -5.464   -5.324   -5.260   -5.191   -5.118    3.593   10.100   11.365   16.527   19.573
           -0.581250  0.581250  0.000000
   -5.462   -5.264   -5.230   -5.188   -5.095    3.785    9.993   11.133   16.325   19.421
           -0.600000  0.600000  0.000000
   -5.516   -5.283   -5.281   -5.210   -5.144    3.966    9.914   10.905   16.125   19.267
           -0.618750  0.618750  0.000000
   -5.522   -5.274   -5.269   -5.224   -5.132    4.137    9.867   10.687   15.931   19.128
           -0.637500  0.637500  0.000000
   -5.532   -5.312   -5.294   -5.272   -5.153    4.294    9.851   10.476   15.742   18.996
           -0.656250  0.656250  0.000000
   -5.533   -5.300   -5.280   -5.247   -5.143    4.437    9.872   10.275   15.562   18.872
           -0.675000  0.675000  0.000000
   -5.539   -5.292   -5.265   -5.264   -5.132    4.562    9.928   10.084   15.388   18.755
           -0.693750  0.693750  0.000000
   -5.539   -5.282   -5.245   -5.243   -5.122    4.669    9.902   10.021   15.221   18.645
           -0.712500  0.712500  0.000000
   -5.485   -5.248   -5.230   -5.228   -5.122    4.758    9.730   10.148   15.064   18.554
           -0.731250  0.731250  0.000000
   -5.473   -5.266   -5.214   -5.143   -5.108    4.830    9.569   10.309   14.914   18.460
           -0.750000  0.750000  0.000000
   -5.483   -5.284   -5.204   -5.129   -5.099    4.885    9.415   10.501   14.772   18.368
