   0.0286790   0.0000000   0.0000000   0.0000000   0.0000000   0.0000000   0.0000000   0.0000000   0.0000000   0.0000000   0.0000000
   0.0573580   0.0000000   0.0000000   0.0000000   0.0000000   0.0000000   0.0000000   0.0000000   0.0000000   0.0000000   0.0000000
   0.0860370   0.0000000   0.0000000   0.0000000   0.0000000   0.0000000   0.0000000   0.0000000   0.0000000   0.0000000   0.0000000
   0.1147160   0.0000000   0.0000000   0.0000000   0.0000000   0.0000000   0.0000000   0.0000000   0.0000000   0.0000000   0.0000000
   0.1433950   0.0000000   0.0000000   0.0000000   0.0000000   0.0000000   0.0000000   0.0000000   0.0000000   0.0000000   0.0000000
   0.1720740   0.0000000   0.0000000   0.0000000   0.0000000   0.0000000   0.0000000   0.0000000   0.0000000   0.0000000   0.0000000
   0.2007530   0.0000000   0.0000000   0.0000000   0.0000000   0.0000000   0.0000000   0.0000000   0.0000000   0.0000000   0.0000000
   0.2294320   0.0000000   0.0000000   0.0000000   0.0000000   0.0000000   0.0000000   0.0000000   0.0000000   0.0000000   0.0000000
   0.2581110   0.0000000   0.0000000   0.0000000   0.0000000   0.0000000   0.0000000   0.0000000   0.0000000   0.0000000   0.0000000
   0.2867900   0.0000000   0.0000000   0.0000000   0.0000000   0.0000000   0.0000000   0.0000000   0.0000000   0.0000000   0.0000000
   0.3154690   0.0000000   0.0000000   0.0000000   0.0000000   0.0000000   0.0000000   0.0000000   0.0000000   0.0000000   0.0000000
   0.3441480   0.0000000   0.0000000   0.0000000   0.0000000   0.0000000   0.0000000   0.0000000   0.0000000   0.0000000   0.0000000
   0.3728270   0.0000000   0.0000000   0.0000000   0.0000000   0.0000000   0.0000000   0.0000000   0.0000000   0.0000000   0.0000000
   0.4015060   0.0000000   0.0000000   0.0000000   0.0000000   0.0000000   0.0000000   0.0000000   0.0000000   0.0000000   0.0000000
   0.4301850   0.0000000   0.0000000   0.0000000   0.0000000   0.0000000   0.0000000   0.0000000   0.0000000   0.0000000   0.0000000
   0.4588640   0.0000000   0.0000000   0.0000000   0.0000000   0.0000000   0.0000000   0.0000000   0.0000000   0.0000000   0.0000000
   0.4875430   0.0000000   0.0000000   0.0000000   0.0000000   0.0000000   0.0000000   0.0000000   0.0000000   0.0000000   0.0000000
   0.5162220   0.0000000   0.0000000   0.0000000   0.0000000   0.0000000   0.0000000   0.0000000   0.0000000   0.0000000   0.0000000
   0.5449010   0.0000000   0.0000000   0.0000000   0.0000000   0.0000000   0.0000000   0.0000000   0.0000000   0.0000000   0.0000000
   0.5735800   0.0000000   0.0000000   0.0000000   0.0000000   0.0000000   0.0000000   0.0000000   0.0000000   0.0000000   0.0000000
   0.6022590   0.0000000   0.0000000   0.0000000   0.0000000   0.0000000   0.0000000   0.0000000   0.0000000   0.0000000   0.0000000
   0.6309380   0.0000000   0.0000000   0.0000000   0.0000000   0.0000000   0.0000000   0.0000000   0.0000000   0.0000000   0.0000000
   0.6596170   0.0000000   0.0000000   0.0000000   0.0000000   0.0000000   0.0000000   0.0000000   0.0000000   0.0000000   0.0000000
   0.6882960   0.0000000   0.0000000   0.0000000   0.0000000   0.0000000   0.0000000   0.0000000   0.0000000   0.0000000   0.0000000
   0.7169750   0.0000000   0.0000000   0.0000000   0.0000000   0.0000000   0.0000000   0.0000000   0.0000000   0.0000000   0.0000000
   0.7456540   0.0000000   0.0000000   0.0000000   0.0000000   0.0000000   0.0000000   0.0000000   0.0000000   0.0000000   0.0000000
   0.7743330   0.0000000   0.0000000   0.0000000   0.0000000   0.0000000   0.0000000   0.0000000   0.0000000   0.0000000   0.0000001
   0.8030120   0.0000000   0.0000000   0.0000000   0.0000000   0.0000000   0.0000000   0.0000000   0.0000000   0.0000000   0.0000001
   0.8316910   0.0000000   0.0000000   0.0000000   0.0000000   0.0000000   0.0000000   0.0000000   0.0000000   0.0000000   0.0000001
   0.8603700   0.0000000   0.0000000   0.0000000   0.0000000   0.0000000   0.0000000   0.0000000   0.0000000   0.0000000   0.0000002
   0.8890490   0.0000000   0.0000000   0.0000000   0.0000000   0.0000000   0.0000000   0.0000000   0.0000000   0.0000000   0.0000003
   0.9177280   0.0000000   0.0000000   0.0000000   0.0000000   0.0000000   0.0000000   0.0000000   0.0000000   0.0000001   0.0000004
   0.9464070   0.0000000   0.0000000   0.0000000   0.0000000   0.0000000   0.0000000   0.0000000   0.0000000   0.0000001   0.0000005
   0.9750860   0.0000000   0.0000000   0.0000000   0.0000000   0.0000000   0.0000000   0.0000000   0.0000000   0.0000001   0.0000007
   1.0037650   0.0000000   0.0000000   0.0000000   0.0000000   0.0000000   0.0000000   0.0000000   0.0000000   0.0000002   0.0000010
   1.0324440   0.0000000   0.0000000   0.0000000   0.0000000   0.0000000   0.0000000   0.0000000   0.0000000   0.0000003   0.0000013
   1.0611230   0.0000000   0.0000000   0.0000000   0.0000000   0.0000000   0.0000000   0.0000000   0.0000000   0.0000004   0.0000018
   1.0898020   0.0000000   0.0000000   0.0000000   0.0000000   0.0000000   0.0000000   0.0000000   0.0000001   0.0000006   0.0000024
   1.1184810   0.0000000   0.0000000   0.0000000   0.0000000   0.0000000   0.0000000   0.0000000   0.0000001   0.0000008   0.0000033
   1.1471600   0.0000000   0.0000000   0.0000000   0.0000000   0.0000000   0.0000000   0.0000000   0.0000002   0.0000011   0.0000044
   1.1758390   0.0000000   0.0000000   0.0000000   0.0000000   0.0000000   0.0000000   0.0000000   0.0000003   0.0000016   0.0000058
   1.2045180   0.0000000   0.0000000   0.0000000   0.0000000   0.0000000   0.0000000   0.0000000   0.0000004   0.0000023   0.0000076
   1.2331970   0.0000000   0.0000000   0.0000000   0.0000000   0.0000000   0.0000000   0.0000001   0.0000006   0.0000032   0.0000099
   1.2618760   0.0000000   0.0000000   0.0000000   0.0000000   0.0000000   0.0000000   0.0000001   0.0000009   0.0000044   0.0000129
   1.2905550   0.0000000   0.0000000   0.0000000   0.0000000   0.0000000   0.0000000   0.0000002   0.0000014   0.0000060   0.0000167
   1.3192340   0.0000000   0.0000000   0.0000000   0.0000000   0.0000000   0.0000000   0.0000003   0.0000020   0.0000081   0.0000213
   1.3479130   0.0000000   0.0000000   0.0000000   0.0000000   0.0000000   0.0000000   0.0000004   0.0000030   0.0000110   0.0000272
   1.3765920   0.0000000   0.0000000   0.0000000   0.0000000   0.0000000   0.0000000   0.0000007   0.0000043   0.0000146   0.0000344
   1.4052710   0.0000000   0.0000000   0.0000000   0.0000000   0.0000000   0.0000001   0.0000011   0.0000062   0.0000194   0.0000432
   1.4339500   0.0000000   0.0000000   0.0000000   0.0000000   0.0000000   0.0000001   0.0000018   0.0000087   0.0000256   0.0000540
   1.4626290   0.0000000   0.0000000   0.0000000   0.0000000   0.0000000   0.0000003   0.0000027   0.0000122   0.0000333   0.0000670
   1.4913080   0.0000000   0.0000000   0.0000000   0.0000000   0.0000000   0.0000005   0.0000042   0.0000169   0.0000431   0.0000825
   1.5199870   0.0000000   0.0000000   0.0000000   0.0000000   0.0000000   0.0000008   0.0000063   0.0000232   0.0000554   0.0001010
   1.5486660   0.0000000   0.0000000   0.0000000   0.0000000   0.0000001   0.0000014   0.0000094   0.0000315   0.0000705   0.0001229
   1.5773450   0.0000000   0.0000000   0.0000000   0.0000000   0.0000001   0.0000023   0.0000138   0.0000424   0.0000891   0.0001485
   1.6060240   0.0000000   0.0000000   0.0000000   0.0000000   0.0000002   0.0000039   0.0000200   0.0000564   0.0001116   0.0001783
   1.6347030   0.0000000   0.0000000   0.0000000   0.0000000   0.0000005   0.0000063   0.0000287   0.0000742   0.0001387   0.0002127
   1.6633820   0.0000000   0.0000000   0.0000000   0.0000000   0.0000009   0.0000101   0.0000405   0.0000967   0.0001710   0.0002520
   1.6920610   0.0000000   0.0000000   0.0000000   0.0000000   0.0000018   0.0000159   0.0000565   0.0001247   0.0002091   0.0002966
   1.7207400   0.0000000   0.0000000   0.0000000   0.0000001   0.0000033   0.0000245   0.0000777   0.0001592   0.0002536   0.0003469
   1.7494190   0.0000000   0.0000000   0.0000000   0.0000002   0.0000061   0.0000371   0.0001055   0.0002011   0.0003050   0.0004032
   1.7780980   0.0000000   0.0000000   0.0000000   0.0000005   0.0000108   0.0000552   0.0001413   0.0002515   0.0003640   0.0004654
   1.8067770   0.0000000   0.0000000   0.0000000   0.0000011   0.0000186   0.0000806   0.0001866   0.0003113   0.0004309   0.0005339
   1.8354560   0.0000000   0.0000000   0.0000000   0.0000025   0.0000313   0.0001157   0.0002433   0.0003814   0.0005061   0.0006085
   1.8641350   0.0000000   0.0000000   0.0000000   0.0000055   0.0000513   0.0001629   0.0003129   0.0004624   0.0005895   0.0006891
   1.8928140   0.0000000   0.0000000   0.0000001   0.0000113   0.0000818   0.0002253   0.0003971   0.0005550   0.0006811   0.0007753
   1.9214930   0.0000000   0.0000000   0.0000004   0.0000225   0.0001271   0.0003060   0.0004973   0.0006594   0.0007808   0.0008669
   1.9501720   0.0000000   0.0000000   0.0000014   0.0000431   0.0001924   0.0004080   0.0006143   0.0007753   0.0008879   0.0009632
   1.9788510   0.0000000   0.0000000   0.0000041   0.0000790   0.0002835   0.0005342   0.0007489   0.0009024   0.0010016   0.0010636
   2.0075300   0.0000000   0.0000000   0.0000112   0.0001389   0.0004071   0.0006867   0.0009007   0.0010396   0.0011211   0.0011671
   2.0362090   0.0000000   0.0000000   0.0000285   0.0002346   0.0005693   0.0008669   0.0010688   0.0011856   0.0012449   0.0012730
   2.0648880   0.0000000   0.0000003   0.0000672   0.0003803   0.0007755   0.0010744   0.0012515   0.0013383   0.0013716   0.0013802
   2.0935670   0.0000000   0.0000018   0.0001473   0.0005916   0.0010289   0.0013075   0.0014459   0.0014955   0.0014995   0.0014877
   2.1222460   0.0000000   0.0000091   0.0003003   0.0008831   0.0013297   0.0015624   0.0016482   0.0016544   0.0016268   0.0015943
   2.1509250   0.0000000   0.0000383   0.0005691   0.0012652   0.0016738   0.0018331   0.0018540   0.0018119   0.0017516   0.0016991
   2.1796040   0.0000000   0.0001368   0.0010024   0.0017396   0.0020521   0.0021119   0.0020578   0.0019647   0.0018721   0.0018011
   2.2082830   0.0000001   0.0004147   0.0016411   0.0022956   0.0024506   0.0023890   0.0022538   0.0021095   0.0019865   0.0018994
   2.2369620   0.0000024   0.0010668   0.0024973   0.0029071   0.0028505   0.0026536   0.0024361   0.0022431   0.0020930   0.0019934
   2.2656410   0.0000548   0.0023276   0.0035324   0.0035332   0.0032295   0.0028943   0.0025987   0.0023624   0.0021904   0.0020826
   2.2943200   0.0006432   0.0043082   0.0046442   0.0041211   0.0035639   0.0030999   0.0027362   0.0024650   0.0022777   0.0021667
   2.3229990   0.0039100   0.0067648   0.0056755   0.0046132   0.0038308   0.0032604   0.0028441   0.0025489   0.0023541   0.0022460
   2.3516780   0.0123097   0.0090110   0.0064468   0.0049560   0.0040107   0.0033678   0.0029191   0.0026130   0.0024197   0.0023208
   2.3803570   0.0200704   0.0101825   0.0068066   0.0051098   0.0040902   0.0034169   0.0029594   0.0026569   0.0024748   0.0023919
   2.4090360   0.0169475   0.0097609   0.0066799   0.0050561   0.0040633   0.0034058   0.0029647   0.0026813   0.0025205   0.0024605
   2.4377150   0.0074113   0.0079376   0.0060934   0.0048014   0.0039322   0.0033362   0.0029369   0.0026879   0.0025583   0.0025281
   2.4663940   0.0016785   0.0054758   0.0051665   0.0043758   0.0037076   0.0032132   0.0028793   0.0026793   0.0025906   0.0025967
   2.4950730   0.0001969   0.0032045   0.0040717   0.0038275   0.0034069   0.0030456   0.0027972   0.0026592   0.0026202   0.0026684
   2.5237520   0.0000120   0.0015909   0.0029827   0.0032132   0.0030527   0.0028444   0.0026972   0.0026320   0.0026502   0.0027459
   2.5524310   0.0000004   0.0006700   0.0020309   0.0025895   0.0026701   0.0026230   0.0025872   0.0026029   0.0026846   0.0028319
   2.5811100   0.0000000   0.0002394   0.0012854   0.0020042   0.0022847   0.0023959   0.0024759   0.0025778   0.0027275   0.0029295
   2.6097890   0.0000000   0.0000725   0.0007562   0.0014917   0.0019201   0.0021779   0.0023727   0.0025629   0.0027834   0.0030419
   2.6384680   0.0000000   0.0000187   0.0004136   0.0010720   0.0015970   0.0019833   0.0022868   0.0025645   0.0028568   0.0031723
   2.6671470   0.0000000   0.0000041   0.0002107   0.0007519   0.0013324   0.0018253   0.0022273   0.0025893   0.0029525   0.0033240
   2.6958260   0.0000000   0.0000008   0.0001012   0.0005299   0.0011391   0.0017155   0.0022028   0.0026435   0.0030751   0.0035002
   2.7245050   0.0000000   0.0000001   0.0000491   0.0004006   0.0010267   0.0016636   0.0022210   0.0027332   0.0032292   0.0037037
   2.7531840   0.0000000   0.0000000   0.0000328   0.0003597   0.0010016   0.0016768   0.0022886   0.0028643   0.0034189   0.0039373
   2.7818630   0.0000000   0.0000001   0.0000446   0.0004067   0.0010677   0.0017603   0.0024114   0.0030419   0.0036481   0.0042033
   2.8105419   0.0000000   0.0000005   0.0000913   0.0005464   0.0012267   0.0019171   0.0025941   0.0032705   0.0039201   0.0045034
   2.8392209   0.0000000   0.0000026   0.0001945   0.0007881   0.0014779   0.0021482   0.0028405   0.0035542   0.0042375   0.0048391
   2.8678999   0.0000000   0.0000128   0.0003927   0.0011428   0.0018179   0.0024532   0.0031535   0.0038961   0.0046023   0.0052108
   2.8965789   0.0000000   0.0000530   0.0007391   0.0016182   0.0022404   0.0028308   0.0035353   0.0042986   0.0050156   0.0056186
   2.9252579   0.0000000   0.0001868   0.0012936   0.0022137   0.0027365   0.0032791   0.0039879   0.0047631   0.0054775   0.0060616
   2.9539369   0.0000001   0.0005584   0.0021047   0.0029153   0.0032953   0.0037966   0.0045124   0.0052903   0.0059873   0.0065382
   2.9826159   0.0000040   0.0014160   0.0031830   0.0036938   0.0039050   0.0043828   0.0051098   0.0058794   0.0065429   0.0070458
   3.0112949   0.0000857   0.0030463   0.0044751   0.0045058   0.0045559   0.0050387   0.0057807   0.0065286   0.0071413   0.0075810
   3.0399739   0.0009504   0.0055597   0.0058496   0.0053008   0.0052425   0.0057672   0.0065247   0.0072348   0.0077781   0.0081396
   3.0686529   0.0054604   0.0086077   0.0071120   0.0060323   0.0059669   0.0065727   0.0073406   0.0079931   0.0084476   0.0087165
   3.0973319   0.0162479   0.0113053   0.0080504   0.0066726   0.0067402   0.0074610   0.0082255   0.0087970   0.0091430   0.0093060
   3.1260109   0.0250388   0.0125962   0.0085039   0.0072269   0.0075841   0.0084379   0.0091745   0.0096383   0.0098562   0.0099015
   3.1546899   0.0199833   0.0119067   0.0084302   0.0077435   0.0085285   0.0095075   0.0101801   0.0105065   0.0105780   0.0104958
   3.1833689   0.0082597   0.0095528   0.0079477   0.0083152   0.0096080   0.0106705   0.0112312   0.0113894   0.0112982   0.0110817
   3.2120479   0.0017681   0.0065254   0.0073350   0.0090703   0.0108554   0.0119215   0.0123133   0.0122731   0.0120058   0.0116513
   3.2407269   0.0001960   0.0038772   0.0069907   0.0101515   0.0122933   0.0132476   0.0134079   0.0131416   0.0126893   0.0121969
   3.2694059   0.0000113   0.0022874   0.0073626   0.0116858   0.0139261   0.0146261   0.0144924   0.0139780   0.0133370   0.0127110
   3.2980849   0.0000010   0.0021192   0.0088609   0.0137506   0.0157321   0.0160242   0.0155411   0.0147643   0.0139371   0.0131864
   3.3267639   0.0000194   0.0037819   0.0117630   0.0163426   0.0176590   0.0173990   0.0165253   0.0154824   0.0144785   0.0136166
   3.3554429   0.0003115   0.0079632   0.0161168   0.0193577   0.0196239   0.0186998   0.0174149   0.0161144   0.0149510   0.0139961
   3.3841219   0.0026389   0.0153968   0.0216620   0.0225891   0.0215176   0.0198700   0.0181798   0.0166439   0.0153456   0.0143204
   3.4128009   0.0122752   0.0261483   0.0278038   0.0257460   0.0232141   0.0208521   0.0187915   0.0170563   0.0156553   0.0145865
   3.4414799   0.0341326   0.0388303   0.0336726   0.0284937   0.0245841   0.0215915   0.0192251   0.0173400   0.0158751   0.0147930
   3.4701589   0.0643453   0.0504541   0.0382883   0.0305057   0.0255106   0.0220419   0.0194608   0.0174868   0.0160025   0.0149400
   3.4988379   0.0885201   0.0574060   0.0407952   0.0315211   0.0259032   0.0221694   0.0194858   0.0174928   0.0160379   0.0150297
   3.5275169   0.0880540   0.0572062   0.0406967   0.0313902   0.0257103   0.0219563   0.0192952   0.0173588   0.0159845   0.0150660
   3.5561959   0.0635471   0.0499073   0.0379982   0.0301018   0.0249262   0.0214028   0.0188927   0.0170907   0.0158488   0.0150548
   3.5848749   0.0325813   0.0380765   0.0331995   0.0277829   0.0235919   0.0205279   0.0182913   0.0166995   0.0156402   0.0150038
   3.6135539   0.0106589   0.0253629   0.0271391   0.0246725   0.0217901   0.0193682   0.0175127   0.0162010   0.0153713   0.0149223
   3.6422329   0.0019913   0.0147176   0.0207532   0.0210775   0.0196349   0.0179748   0.0165863   0.0156160   0.0150573   0.0148214
   3.6709119   0.0002000   0.0074207   0.0148428   0.0173197   0.0172586   0.0164104   0.0155488   0.0149692   0.0147157   0.0147132
   3.6995909   0.0000105   0.0032418   0.0099266   0.0136881   0.0147968   0.0147437   0.0144416   0.0142889   0.0143662   0.0146109
   3.7282699   0.0000003   0.0012234   0.0062064   0.0104041   0.0123758   0.0130461   0.0133100   0.0136059   0.0140296   0.0145281
   3.7569489   0.0000000   0.0003977   0.0036268   0.0076054   0.0101025   0.0113872   0.0122012   0.0129528   0.0137277   0.0144787
   3.7856279   0.0000000   0.0001111   0.0019804   0.0053474   0.0080582   0.0098314   0.0111627   0.0123626   0.0134824   0.0144764
   3.8143069   0.0000000   0.0000266   0.0010101   0.0036181   0.0062976   0.0084365   0.0102405   0.0118680   0.0133150   0.0145343
   3.8429859   0.0000000   0.0000054   0.0004812   0.0023602   0.0048513   0.0072524   0.0094785   0.0115003   0.0132453   0.0146640
   3.8716649   0.0000000   0.0000010   0.0002142   0.0014939   0.0037314   0.0063213   0.0089168   0.0112882   0.0132913   0.0148759
   3.9003439   0.0000000   0.0000001   0.0000895   0.0009373   0.0029389   0.0056790   0.0085911   0.0112570   0.0134683   0.0151784
   3.9290229   0.0000000   0.0000000   0.0000367   0.0006213   0.0024716   0.0053558   0.0085319   0.0114274   0.0137882   0.0155773
   3.9577019   0.0000000   0.0000000   0.0000196   0.0004998   0.0023315   0.0053780   0.0087638   0.0118152   0.0142590   0.0160761
   3.9863809   0.0000000   0.0000000   0.0000247   0.0005554   0.0025301   0.0057688   0.0093048   0.0124298   0.0148844   0.0166753
   4.0150599   0.0000000   0.0000000   0.0000563   0.0008036   0.0030916   0.0065483   0.0101653   0.0132746   0.0156637   0.0173725
   4.0437389   0.0000000   0.0000004   0.0001379   0.0012948   0.0040534   0.0077321   0.0113475   0.0143454   0.0165910   0.0181622
   4.0724179   0.0000000   0.0000023   0.0003218   0.0021146   0.0054628   0.0093301   0.0128445   0.0156311   0.0176559   0.0190359
   4.1010969   0.0000000   0.0000120   0.0007045   0.0033815   0.0073709   0.0113429   0.0146392   0.0171131   0.0188430   0.0199824
   4.1297759   0.0000000   0.0000548   0.0014465   0.0052392   0.0098241   0.0137590   0.0167041   0.0187655   0.0201326   0.0209878
   4.1584549   0.0000000   0.0002121   0.0027883   0.0078419   0.0128525   0.0165506   0.0190006   0.0205558   0.0215012   0.0220360
   4.1871339   0.0000000   0.0007014   0.0050532   0.0113314   0.0164580   0.0196713   0.0214792   0.0224452   0.0229216   0.0231091
   4.2158129   0.0000013   0.0019897   0.0086224   0.0158063   0.0206030   0.0230535   0.0240803   0.0243901   0.0243643   0.0241879
   4.2444919   0.0000401   0.0048712   0.0138706   0.0212860   0.0252017   0.0266084   0.0267355   0.0263430   0.0257981   0.0252524
   4.2731709   0.0006224   0.0103886   0.0210619   0.0276779   0.0301155   0.0302276   0.0293696   0.0282541   0.0271910   0.0262824
   4.3018499   0.0050086   0.0195362   0.0302187   0.0347536   0.0351556   0.0337869   0.0319037   0.0300734   0.0285115   0.0272584
   4.3305289   0.0209330   0.0328516   0.0409984   0.0421449   0.0400914   0.0371529   0.0342581   0.0317520   0.0297294   0.0281616
   4.3592079   0.0463412   0.0500353   0.0526273   0.0493645   0.0446676   0.0401898   0.0363564   0.0332446   0.0308171   0.0289752
   4.3878869   0.0621935   0.0695830   0.0639379   0.0558544   0.0486250   0.0427693   0.0381290   0.0345111   0.0317506   0.0296844
   4.4165659   0.0835504   0.0884943   0.0735345   0.0610566   0.0517265   0.0447794   0.0395174   0.0355182   0.0325101   0.0302772
   4.4452449   0.1378530   0.1026165   0.0800672   0.0644938   0.0537812   0.0461326   0.0404769   0.0362411   0.0330809   0.0307447
   4.4739239   0.1633606   0.1081391   0.0825441   0.0658457   0.0546657   0.0467731   0.0409797   0.0366645   0.0334540   0.0310812
   4.5026029   0.1220530   0.1035275   0.0805855   0.0650030   0.0543380   0.0466813   0.0410160   0.0367836   0.0336263   0.0312845
   4.5312819   0.0885181   0.0902721   0.0745313   0.0620870   0.0528416   0.0458751   0.0405954   0.0366036   0.0336009   0.0313562
   4.5599609   0.0782600   0.0718690   0.0653630   0.0574293   0.0503003   0.0444087   0.0397459   0.0361404   0.0333866   0.0313012
   4.5886399   0.0495716   0.0521813   0.0544667   0.0515163   0.0469032   0.0423678   0.0385122   0.0354191   0.0329979   0.0311276
   4.6173189   0.0171853   0.0344080   0.0433159   0.0449099   0.0428835   0.0398637   0.0369536   0.0344732   0.0324541   0.0308468
   4.6459979   0.0031090   0.0207054   0.0331678   0.0381621   0.0384939   0.0370246   0.0351405   0.0333431   0.0317789   0.0304726
   4.6746769   0.0003027   0.0120283   0.0248523   0.0317416   0.0339823   0.0339869   0.0331507   0.0320742   0.0309989   0.0300207
   4.7033559   0.0002063   0.0081363   0.0186910   0.0259850   0.0295723   0.0308866   0.0310653   0.0307150   0.0301432   0.0295088
   4.7320349   0.0017068   0.0078549   0.0145459   0.0210796   0.0254489   0.0278520   0.0289651   0.0293148   0.0292421   0.0289553
   4.7607139   0.0078495   0.0094760   0.0119631   0.0170770   0.0217523   0.0249972   0.0269262   0.0279222   0.0283258   0.0283791
   4.7893929   0.0186997   0.0112025   0.0103599   0.0139288   0.0185779   0.0224180   0.0250179   0.0265828   0.0274236   0.0277987
   4.8180719   0.0230711   0.0116696   0.0092017   0.0115330   0.0159814   0.0201892   0.0232994   0.0253378   0.0265629   0.0272322
   4.8467509   0.0147414   0.0104054   0.0081254   0.0097799   0.0139871   0.0183643   0.0218184   0.0242227   0.0257683   0.0266963
   4.8754299   0.0048781   0.0078873   0.0069884   0.0085865   0.0125965   0.0169752   0.0206097   0.0232661   0.0250608   0.0262059
   4.9041089   0.0008360   0.0050758   0.0058518   0.0079149   0.0117950   0.0160339   0.0196954   0.0224893   0.0244578   0.0257742
   4.9327879   0.0000742   0.0027802   0.0049223   0.0077717   0.0115564   0.0155344   0.0190845   0.0219059   0.0239720   0.0254119
   4.9614669   0.0000034   0.0013351   0.0044851   0.0081925   0.0118443   0.0154552   0.0187744   0.0215217   0.0236119   0.0251274
   4.9901459   0.0000001   0.0007213   0.0048438   0.0092155   0.0126114   0.0157614   0.0187518   0.0213358   0.0233816   0.0249268
   5.0188249   0.0000000   0.0009275   0.0062665   0.0108518   0.0137978   0.0164076   0.0189941   0.0213402   0.0232811   0.0248136
   5.0475039   0.0000005   0.0022977   0.0089240   0.0130597   0.0153301   0.0173406   0.0194717   0.0215215   0.0233066   0.0247893
   5.0761829   0.0000184   0.0056655   0.0128130   0.0157302   0.0171225   0.0185020   0.0201496   0.0218617   0.0234511   0.0248532
   5.1048619   0.0003801   0.0120550   0.0176831   0.0186880   0.0190803   0.0198316   0.0209890   0.0223391   0.0237049   0.0250031
   5.1335409   0.0040636   0.0217991   0.0230116   0.0217111   0.0211067   0.0212692   0.0219499   0.0229299   0.0240566   0.0252353
   5.1622199   0.0224979   0.0334603   0.0280697   0.0245651   0.0231104   0.0227580   0.0229919   0.0236089   0.0244935   0.0255454
   5.1908989   0.0645084   0.0436280   0.0320940   0.0270451   0.0250137   0.0242462   0.0240761   0.0243512   0.0250023   0.0259281
   5.2195779   0.0957923   0.0484485   0.0345147   0.0290162   0.0267596   0.0256889   0.0251667   0.0251329   0.0255702   0.0263782
   5.2482569   0.0736696   0.0461780   0.0351512   0.0304400   0.0283144   0.0270484   0.0262312   0.0259323   0.0261854   0.0268906
   5.2769359   0.0293622   0.0386118   0.0342834   0.0313796   0.0296674   0.0282945   0.0272421   0.0267307   0.0268377   0.0274609
   5.3056149   0.0064009   0.0299346   0.0325646   0.0319809   0.0308253   0.0294041   0.0281770   0.0275132   0.0275188   0.0280855
   5.3342939   0.0036455   0.0239136   0.0308147   0.0324321   0.0318047   0.0303604   0.0290198   0.0282695   0.0282232   0.0287618
   5.3629729   0.0133931   0.0218328   0.0297852   0.0329128   0.0326216   0.0311516   0.0297605   0.0289939   0.0289481   0.0294886
   5.3916519   0.0308126   0.0226921   0.0299744   0.0335443   0.0332839   0.0317710   0.0303961   0.0296861   0.0296938   0.0302659
   5.4203309   0.0368180   0.0251118   0.0315317   0.0343539   0.0337852   0.0322166   0.0309308   0.0303512   0.0304632   0.0310951
   5.4490099   0.0230120   0.0290089   0.0342368   0.0352629   0.0341046   0.0324924   0.0313764   0.0309993   0.0312625   0.0319787
   5.4776889   0.0102695   0.0353944   0.0375374   0.0361009   0.0342112   0.0326097   0.0317525   0.0316454   0.0321001   0.0329203
   5.5063679   0.0203313   0.0443962   0.0406435   0.0366447   0.0340738   0.0325897   0.0320862   0.0323091   0.0329867   0.0339242
   5.5350469   0.0637926   0.0535364   0.0426912   0.0366718   0.0336731   0.0324652   0.0324119   0.0330132   0.0339342   0.0349954
   5.5637259   0.1098704   0.0584203   0.0429637   0.0360164   0.0330150   0.0322832   0.0327705   0.0337834   0.0349556   0.0361388
   5.5924049   0.0981531   0.0557180   0.0411090   0.0346158   0.0321420   0.0321048   0.0332079   0.0346467   0.0360640   0.0373591
   5.6210839   0.0454135   0.0457874   0.0372641   0.0325369   0.0311400   0.0320056   0.0337734   0.0356299   0.0372718   0.0386604
   5.6497629   0.0108841   0.0324709   0.0320192   0.0299775   0.0301390   0.0320721   0.0345170   0.0367585   0.0385897   0.0400456
   5.6784419   0.0013973   0.0204106   0.0262318   0.0272466   0.0293078   0.0323980   0.0354867   0.0380547   0.0400265   0.0415163
   5.7071209   0.0006010   0.0123899   0.0207774   0.0247278   0.0288408   0.0330772   0.0367253   0.0395363   0.0415876   0.0430725
   5.7357999   0.0029235   0.0085659   0.0163547   0.0228372   0.0289410   0.0341963   0.0382670   0.0412149   0.0432750   0.0447120
   5.7644789   0.0085907   0.0074161   0.0134219   0.0219808   0.0297987   0.0358265   0.0401345   0.0430951   0.0450869   0.0464305
   5.7931579   0.0130865   0.0071782   0.0122675   0.0225168   0.0315688   0.0380148   0.0423360   0.0451734   0.0470169   0.0482217
   5.8218369   0.0103242   0.0069010   0.0131439   0.0247217   0.0343501   0.0407778   0.0448636   0.0474378   0.0490544   0.0500769
   5.8505159   0.0042183   0.0068917   0.0163656   0.0287584   0.0381687   0.0440960   0.0476922   0.0498678   0.0511845   0.0519854
   5.8791949   0.0008967   0.0086683   0.0222999   0.0346455   0.0429665   0.0479128   0.0507798   0.0524348   0.0533886   0.0539345
   5.9078739   0.0002178   0.0145132   0.0312330   0.0422311   0.0485993   0.0521353   0.0540685   0.0551035   0.0556446   0.0559100
   5.9365529   0.0018271   0.0265866   0.0431604   0.0511782   0.0548440   0.0566391   0.0574877   0.0578326   0.0579282   0.0578967
   5.9652319   0.0143267   0.0456891   0.0575886   0.0609718   0.0614142   0.0612763   0.0609574   0.0605772   0.0602132   0.0598783
   5.9939109   0.0584180   0.0703313   0.0734406   0.0709562   0.0679861   0.0658858   0.0643925   0.0632907   0.0624728   0.0618384
   6.0225899   0.1244230   0.0970106   0.0891270   0.0804045   0.0742280   0.0703049   0.0677081   0.0659268   0.0646807   0.0637607
   6.0512689   0.1466498   0.1215691   0.1027955   0.0886132   0.0798337   0.0743815   0.0708242   0.0684419   0.0668119   0.0656296
   6.0799479   0.1335945   0.1402168   0.1127138   0.0950071   0.0845514   0.0779845   0.0736701   0.0707975   0.0688437   0.0674304
   6.1086269   0.1693283   0.1494843   0.1176944   0.0992291   0.0882077   0.0810132   0.0761893   0.0729613   0.0707565   0.0691501
   6.1373059   0.2168643   0.1464747   0.1174374   0.1011956   0.0907197   0.0834035   0.0783417   0.0749094   0.0725345   0.0707772
   6.1659849   0.1862678   0.1308054   0.1126647   0.1010992   0.0920965   0.0851302   0.0801062   0.0766265   0.0741662   0.0723022
   6.1946639   0.1001659   0.1067729   0.1049667   0.0993563   0.0924280   0.0862067   0.0814807   0.0781070   0.0756443   0.0737180
   6.2233429   0.0329052   0.0826771   0.0963760   0.0965125   0.0918661   0.0866819   0.0824823   0.0793544   0.0769660   0.0750192
   6.2520219   0.0101212   0.0667299   0.0887967   0.0931267   0.0906005   0.0866346   0.0831449   0.0803804   0.0781323   0.0762027
   6.2807009   0.0236404   0.0625971   0.0834899   0.0896651   0.0888349   0.0861661   0.0835164   0.0812040   0.0791478   0.0772673
   6.3093799   0.0684646   0.0680912   0.0808000   0.0864308   0.0867679   0.0853927   0.0836555   0.0818499   0.0800202   0.0782135
   6.3380589   0.1090652   0.0776541   0.0801986   0.0835447   0.0845805   0.0844380   0.0836269   0.0823460   0.0807589   0.0790434
   6.3667379   0.1031015   0.0861633   0.0805910   0.0809787   0.0824320   0.0834257   0.0834973   0.0827218   0.0813747   0.0797601
   6.3954169   0.0850715   0.0910156   0.0807389   0.0786286   0.0804624   0.0824727   0.0833306   0.0830057   0.0818787   0.0803679
   6.4240959   0.0940424   0.0916154   0.0796493   0.0764031   0.0787971   0.0816834   0.0831835   0.0832235   0.0822814   0.0808714
   6.4527749   0.1097990   0.0879548   0.0768359   0.0743028   0.0775521   0.0811441   0.0831019   0.0833961   0.0825925   0.0812761
   6.4814539   0.0997809   0.0801748   0.0724333   0.0724657   0.0768340   0.0809184   0.0831179   0.0835384   0.0828195   0.0815877
   6.5101329   0.0661154   0.0690769   0.0671839   0.0711659   0.0767346   0.0810428   0.0832472   0.0836583   0.0829685   0.0818121
   6.5388119   0.0479078   0.0563948   0.0623191   0.0707629   0.0773187   0.0815231   0.0834882   0.0837563   0.0830432   0.0819558
   6.5674909   0.0439545   0.0445074   0.0593352   0.0716135   0.0786080   0.0823325   0.0838217   0.0838259   0.0830458   0.0820256
   6.5961699   0.0282968   0.0363157   0.0596651   0.0739669   0.0805652   0.0834112   0.0842127   0.0838544   0.0829773   0.0820288
   6.6248489   0.0100078   0.0354583   0.0642728   0.0778706   0.0830823   0.0846678   0.0846122   0.0838244   0.0828377   0.0819740
   6.6535279   0.0034887   0.0458280   0.0732660   0.0831124   0.0859765   0.0859845   0.0849612   0.0837156   0.0826279   0.0818708
   6.6822069   0.0136803   0.0693974   0.0856731   0.0892187   0.0889982   0.0872237   0.0851954   0.0835076   0.0823495   0.0817304
   6.7108859   0.0616706   0.1030937   0.0995352   0.0955111   0.0918493   0.0882382   0.0852501   0.0831820   0.0820070   0.0815660
   6.7395649   0.1669734   0.1375143   0.1123608   0.1012112   0.0942115   0.0888827   0.0850668   0.0827254   0.0816080   0.0813929
   6.7682439   0.2754153   0.1602464   0.1218237   0.1055669   0.0957792   0.0890268   0.0845980   0.0821317   0.0811646   0.0812290
   6.7969229   0.2756949   0.1630686   0.1264318   0.1079710   0.0962933   0.0885670   0.0838134   0.0814045   0.0806938   0.0810946
   6.8256019   0.1629850   0.1477980   0.1258676   0.1080432   0.0955708   0.0874387   0.0827044   0.0805589   0.0802187   0.0810127
   6.8542809   0.0568483   0.1252316   0.1208561   0.1056637   0.0935258   0.0856244   0.0812868   0.0796225   0.0797677   0.0810088
   6.8829599   0.0259110   0.1072670   0.1126584   0.1009573   0.0901800   0.0831592   0.0796036   0.0786357   0.0793754   0.0811105
   6.9116389   0.0666404   0.0986190   0.1024891   0.0942449   0.0856631   0.0801327   0.0777246   0.0776516   0.0790812   0.0813471
   6.9403179   0.1427020   0.0949469   0.0911580   0.0859813   0.0802027   0.0766862   0.0757446   0.0767345   0.0789293   0.0817492
   6.9689969   0.1606653   0.0882290   0.0790688   0.0766975   0.0741077   0.0730063   0.0737802   0.0759582   0.0789668   0.0823478
   6.9976759   0.0937174   0.0739428   0.0664732   0.0669589   0.0677469   0.0693154   0.0719649   0.0754028   0.0792424   0.0831736
   7.0263549   0.0283115   0.0539277   0.0537550   0.0573379   0.0615248   0.0658590   0.0704422   0.0751515   0.0798051   0.0842559
   7.0550339   0.0044294   0.0337023   0.0415499   0.0483979   0.0558574   0.0628918   0.0693586   0.0752873   0.0807017   0.0856220
   7.0837129   0.0003589   0.0179402   0.0306630   0.0406797   0.0511491   0.0606629   0.0688561   0.0758887   0.0819753   0.0872960
   7.1123919   0.0000151   0.0081296   0.0218801   0.0346870   0.0477707   0.0594012   0.0690640   0.0770259   0.0836632   0.0892981
   7.1410709   0.0000003   0.0032020   0.0158167   0.0308675   0.0460396   0.0593018   0.0700919   0.0787574   0.0857954   0.0916437
   7.1697499   0.0000000   0.0013670   0.0128826   0.0295918   0.0462021   0.0605146   0.0720238   0.0811267   0.0883930   0.0943428
   7.1984289   0.0000000   0.0014752   0.0133491   0.0311307   0.0484194   0.0631353   0.0749128   0.0841599   0.0914670   0.0973994
   7.2271079   0.0000016   0.0035279   0.0174344   0.0356324   0.0527564   0.0672001   0.0787781   0.0878639   0.0950175   0.1008117
   7.2557869   0.0000523   0.0086384   0.0253274   0.0431028   0.0591760   0.0726830   0.0836035   0.0922261   0.0990339   0.1045715
   7.2844659   0.0008813   0.0185984   0.0371167   0.0533890   0.0675392   0.0794976   0.0893384   0.0972138   0.1034941   0.1086647
   7.3131449   0.0077118   0.0350047   0.0526557   0.0661727   0.0776112   0.0875026   0.0958995   0.1027760   0.1083661   0.1130718
   7.3418239   0.0352633   0.0581946   0.0714385   0.0809764   0.0890752   0.0965093   0.1031749   0.1088448   0.1136087   0.1177683
   7.3705029   0.0865694   0.0866476   0.0925608   0.0971878   0.1015531   0.1062933   0.1110299   0.1153385   0.1191727   0.1227259
   7.3991819   0.1270442   0.1173113   0.1148002   0.1141020   0.1146301   0.1166068   0.1193129   0.1221648   0.1250034   0.1279136
   7.4278609   0.1513117   0.1465952   0.1367966   0.1309810   0.1278845   0.1271921   0.1278623   0.1292249   0.1310423   0.1332986
   7.4565399   0.1919093   0.1714895   0.1572637   0.1471229   0.1409158   0.1377946   0.1365140   0.1364172   0.1372298   0.1388479
   7.4852189   0.2221619   0.1905604   0.1751568   0.1619314   0.1533715   0.1481752   0.1451083   0.1436416   0.1435069   0.1445296
   7.5138979   0.2157663   0.2044675   0.1897567   0.1749753   0.1649659   0.1581196   0.1534962   0.1508038   0.1498188   0.1503143
   7.5425769   0.1959193   0.2151684   0.2006901   0.1860288   0.1754919   0.1674462   0.1615453   0.1578192   0.1561159   0.1561765
   7.5712559   0.2033334   0.2236711   0.2079446   0.1950817   0.1848215   0.1760102   0.1691448   0.1646159   0.1623570   0.1620957
   7.5999349   0.2510996   0.2282133   0.2119217   0.2023158   0.1928975   0.1837062   0.1762091   0.1711381   0.1685106   0.1680576
   7.6286139   0.2866715   0.2254328   0.2134968   0.2080475   0.1997179   0.1904683   0.1826808   0.1773481   0.1745565   0.1740551
   7.6572929   0.2646425   0.2144828   0.2139817   0.2126416   0.2053170   0.1962690   0.1885322   0.1832280   0.1804868   0.1800888
   7.6859719   0.1829773   0.2003917   0.2148827   0.2164142   0.2097469   0.2011176   0.1937661   0.1887805   0.1863070   0.1861675
   7.7146509   0.1072103   0.1926418   0.2174484   0.2195462   0.2130657   0.2050586   0.1984157   0.1940292   0.1920359   0.1923087
   7.7433299   0.1129454   0.1990797   0.2221523   0.2220322   0.2153339   0.2081710   0.2025437   0.1990177   0.1977053   0.1985382
   7.7720089   0.1930722   0.2199181   0.2283586   0.2236855   0.2166203   0.2105669   0.2062397   0.2038086   0.2033599   0.2048902
   7.8006879   0.2862811   0.2469116   0.2343819   0.2242058   0.2170181   0.2123915   0.2096181   0.2084815   0.2090556   0.2114062
   7.8293669   0.3465402   0.2683553   0.2379806   0.2232975   0.2166641   0.2138210   0.2128141   0.2131307   0.2148590   0.2181350
   7.8580459   0.3371319   0.2756687   0.2371242   0.2208109   0.2157579   0.2150606   0.2159797   0.2178622   0.2208450   0.2251311
   7.8867249   0.2772909   0.2665576   0.2307529   0.2168651   0.2145739   0.2163390   0.2192784   0.2227907   0.2270956   0.2324540
   7.9154039   0.2461530   0.2435392   0.2192619   0.2119157   0.2134610   0.2179013   0.2228798   0.2280363   0.2336976   0.2401668
   7.9440829   0.2418332   0.2109913   0.2045557   0.2067408   0.2128281   0.2199989   0.2269540   0.2337213   0.2407407   0.2483347
   7.9727619   0.1959987   0.1743070   0.1896564   0.2023446   0.2131146   0.2228778   0.2316661   0.2399670   0.2483154   0.2570242
   8.0014409   0.1142539   0.1410972   0.1779708   0.1997990   0.2147515   0.2267657   0.2371707   0.2468907   0.2565113   0.2663008
   8.0301199   0.0456110   0.1211966   0.1724159   0.2000635   0.2181173   0.2318599   0.2436077   0.2546034   0.2654147   0.2762283
   8.0587989   0.0226688   0.1231518   0.1746679   0.2038272   0.2234983   0.2383169   0.2510989   0.2632075   0.2751074   0.2868671
   8.0874779   0.0629993   0.1486893   0.1848008   0.2114103   0.2310582   0.2462463   0.2597460   0.2727952   0.2856650   0.2982725
   8.1161569   0.1775829   0.1896058   0.2014652   0.2227399   0.2408244   0.2557084   0.2696301   0.2834475   0.2971552   0.3104940
   8.1448359   0.3228666   0.2309788   0.2225385   0.2373964   0.2526922   0.2667181   0.2808126   0.2952334   0.3096370   0.3235735
   8.1735149   0.3916598   0.2601804   0.2459414   0.2547069   0.2664477   0.2792527   0.2933371   0.3082098   0.3231593   0.3375445
   8.2021939   0.3107193   0.2754906   0.2702249   0.2738586   0.2818052   0.2932644   0.3072326   0.3224212   0.3377599   0.3524307
   8.2308729   0.1867388   0.2866877   0.2946631   0.2940082   0.2984554   0.3086947   0.3225168   0.3378997   0.3534651   0.3682450
   8.2595519   0.1869328   0.3062488   0.3188859   0.3143777   0.3161166   0.3254893   0.3391991   0.3546655   0.3702883   0.3849890
   8.2882309   0.3111436   0.3387162   0.3423619   0.3343393   0.3345826   0.3436108   0.3572831   0.3727264   0.3882295   0.4026515
   8.3169099   0.4490971   0.3775812   0.3641167   0.3534940   0.3537603   0.3630475   0.3767684   0.3920776   0.4072745   0.4212084
   8.3455889   0.4900074   0.4112218   0.3829029   0.3717461   0.3736904   0.3838164   0.3976501   0.4127011   0.4273944   0.4406218
   8.3742679   0.4511570   0.4310255   0.3977593   0.3893638   0.3945480   0.4059604   0.4199177   0.4345647   0.4485442   0.4608393
   8.4029468   0.4540358   0.4350012   0.4086715   0.4070021   0.4166193   0.4295385   0.4435521   0.4576208   0.4706629   0.4817944
   8.4316258   0.4753953   0.4267210   0.4170146   0.4256629   0.4402577   0.4546122   0.4685216   0.4818048   0.4936721   0.5034054
   8.4603048   0.4145121   0.4130763   0.4255751   0.4465732   0.4658233   0.4812280   0.4947769   0.5070334   0.5174759   0.5255763
   8.4889838   0.3353627   0.4023927   0.4381243   0.4709845   0.4936143   0.5094000   0.5222467   0.5332028   0.5419603   0.5481966
   8.5176628   0.3489365   0.4026015   0.4586460   0.4999185   0.5238023   0.5390945   0.5508330   0.5601873   0.5669931   0.5711420
   8.5463418   0.4042620   0.4202603   0.4903753   0.5339131   0.5563833   0.5702187   0.5804067   0.5878381   0.5924242   0.5942751
   8.5750208   0.4152041   0.4611099   0.5348376   0.5728319   0.5911543   0.6026162   0.6108057   0.6159819   0.6180857   0.6174468
   8.6036998   0.4127907   0.5298787   0.5911078   0.6157993   0.6277228   0.6360684   0.6418332   0.6444213   0.6437934   0.6404974
   8.6323788   0.4966653   0.6265514   0.6555516   0.6612963   0.6655474   0.6703011   0.6732573   0.6729348   0.6693480   0.6632589
   8.6610578   0.7214076   0.7411504   0.7222812   0.7074155   0.7040044   0.7049963   0.7048123   0.7012782   0.6945369   0.6855568
   8.6897368   0.9747153   0.8531029   0.7843992   0.7522272   0.7424660   0.7398041   0.7362006   0.7291866   0.7191377   0.7072125
   8.7184158   1.1085549   0.9380711   0.8358095   0.7941702   0.7803734   0.7743539   0.7670958   0.7563778   0.7429204   0.7280465
   8.7470948   1.1186675   0.9782212   0.8730633   0.8323674   0.8172887   0.8082618   0.7971458   0.7825561   0.7656522   0.7478812
   8.7757738   1.0874550   0.9698580   0.8965470   0.8667773   0.8529127   0.8411331   0.8259778   0.8074178   0.7871014   0.7665442
   8.8044528   1.0086062   0.9260797   0.9104588   0.8981349   0.8870625   0.8725594   0.8532028   0.8306571   0.8070422   0.7838716
   8.8331318   0.8377252   0.8744755   0.9214578   0.9276918   0.9196122   0.9021128   0.8784230   0.8519732   0.8252603   0.7997116
   8.8618108   0.6247057   0.8482812   0.9364446   0.9568196   0.9504099   0.9293382   0.9012391   0.8710786   0.8415579   0.8139281
   8.8904898   0.5460685   0.8707059   0.9603503   0.9865752   0.9791871   0.9537496   0.9212613   0.8877073   0.8557595   0.8264034
   8.9191688   0.8222273   0.9403626   0.9948197   1.0173297   1.0054838   0.9748326   0.9381209   0.9016239   0.8677170   0.8370416
   8.9478478   1.2347790   1.0311766   1.0382062   1.0485397   1.0286076   0.9920557   0.9514850   0.9126328   0.8773146   0.8457711
   8.9765268   1.3497613   1.1108883   1.0866068   1.0786990   1.0476413   1.0048943   0.9610728   0.9205863   0.8844731   0.8525469
   9.0052058   1.2494402   1.1643601   1.1351536   1.1054708   1.0615044   1.0128643   0.9666717   0.9253930   0.8891533   0.8573518
   9.0338848   1.1168906   1.2014893   1.1788058   1.1259715   1.0690645   1.0155656   0.9681546   0.9270235   0.8913584   0.8601974
   9.0625638   1.0362323   1.2430352   1.2124163   1.1371639   1.0692841   1.0127286   0.9654940   0.9255152   0.8911353   0.8611245
   9.0912428   1.1878868   1.2972336   1.2305045   1.1363117   1.0613832   1.0042593   0.9587737   0.9209743   0.8885745   0.8602022
   9.1199218   1.4809942   1.3472234   1.2274633   1.1214394   1.0449898   0.9902767   0.9481947   0.9135757   0.8838083   0.8575271
   9.1486008   1.6663001   1.3593336   1.1986298   1.0917359   1.0202563   0.9711346   0.9340756   0.9035590   0.8770081   0.8532203
   9.1772798   1.6042186   1.3050447   1.1419814   1.0478284   0.9879172   0.9474255   0.9168456   0.8912225   0.8683800   0.8474258
   9.2059588   1.3214084   1.1795071   1.0596562   0.9918627   0.9492774   0.9199615   0.8970303   0.8769141   0.8581594   0.8403062
   9.2346378   0.9931859   1.0042387   0.9584319   0.9273467   0.9061268   0.8897352   0.8752311   0.8610201   0.8466043   0.8320394
   9.2633168   0.7079246   0.8150645   0.8487558   0.8587598   0.8605920   0.8578607   0.8520987   0.8439512   0.8339883   0.8228143
   9.2919958   0.4955930   0.6459098   0.7425986   0.7909865   0.8149407   0.8255027   0.8283033   0.8261287   0.8205925   0.8128261
   9.3206748   0.3758838   0.5184738   0.6508891   0.7286737   0.7713698   0.7937993   0.8045030   0.8079694   0.8066983   0.8022724
   9.3493538   0.3381594   0.4409082   0.5813743   0.6756373   0.7318018   0.7637881   0.7813133   0.7898713   0.7925792   0.7913481
   9.3780328   0.3399604   0.4120381   0.5374852   0.6344256   0.6977199   0.7363411   0.7592796   0.7722002   0.7784942   0.7802417
   9.4067118   0.3110230   0.4251726   0.5183751   0.6061120   0.6700621   0.7121175   0.7388552   0.7552795   0.7646812   0.7691313
   9.4353908   0.3608563   0.4683560   0.5199386   0.5903283   0.6491829   0.6915360   0.7203862   0.7393807   0.7513525   0.7581813
   9.4640698   0.5848508   0.5239057   0.5363671   0.5855030   0.6348859   0.6747697   0.7041036   0.7247188   0.7386901   0.7475394
   9.4927488   0.7227782   0.5727780   0.5616894   0.5892319   0.6265148   0.6617619   0.6901240   0.7114494   0.7268440   0.7373348
   9.5214278   0.6836879   0.6042566   0.5907908   0.5987030   0.6230849   0.6522595   0.6784568   0.6996697   0.7159301   0.7276763
   9.5501068   0.6547889   0.6234981   0.6196642   0.6111073   0.6234337   0.6458586   0.6690183   0.6894221   0.7060313   0.7186517
   9.5787858   0.5363053   0.6476633   0.6450623   0.6239877   0.6263669   0.6420568   0.6616501   0.6806996   0.6971979   0.7103275
   9.6074648   0.4173139   0.6892361   0.6641005   0.6354953   0.6307805   0.6403058   0.6561400   0.6734536   0.6894502   0.7027489
   9.6361438   0.6760236   0.7383976   0.6744016   0.6445323   0.6357467   0.6400605   0.6522445   0.6676027   0.6827815   0.6959413
   9.6648228   1.1607049   0.7632794   0.6749523   0.6507640   0.6405571   0.6408194   0.6497093   0.6630411   0.6771616   0.6899110
   9.6935018   1.2006919   0.7346613   0.6671709   0.6544948   0.6447282   0.6421554   0.6482883   0.6596476   0.6725404   0.6846470
   9.7221808   0.6971747   0.6559151   0.6552606   0.6564225   0.6479771   0.6437356   0.6477583   0.6572932   0.6688519   0.6801230
   9.7508598   0.2380160   0.5685222   0.6451537   0.6573209   0.6501831   0.6453310   0.6479292   0.6558474   0.6660176   0.6762990
   9.7795388   0.1312352   0.5251709   0.6421825   0.6577336   0.6513487   0.6468170   0.6486495   0.6551828   0.6639499   0.6731241
   9.8082178   0.3205955   0.5533949   0.6485296   0.6577742   0.6515726   0.6481665   0.6498067   0.6551787   0.6625553   0.6705379
   9.8368968   0.6453389   0.6388514   0.6618395   0.6571113   0.6510382   0.6494355   0.6513238   0.6557215   0.6617365   0.6684728
   9.8655758   0.9024589   0.7368801   0.6758613   0.6551601   0.6500166   0.6507443   0.6531517   0.6567056   0.6613943   0.6668562
   9.8942548   1.0689064   0.7996362   0.6829394   0.6514299   0.6488725   0.6522535   0.6552587   0.6580314   0.6614296   0.6656122
   9.9229338   1.0940095   0.8004523   0.6772386   0.6459097   0.6480610   0.6541360   0.6576198   0.6596038   0.6617443   0.6646632
   9.9516128   0.8135687   0.7428620   0.6573138   0.6393483   0.6481017   0.6565480   0.6602044   0.6613301   0.6622426   0.6639317
   9.9802918   0.4804046   0.6515240   0.6270565   0.6333011   0.6495223   0.6595988   0.6629663   0.6631175   0.6628314   0.6633416
  10.0089708   0.4635135   0.5541976   0.5948073   0.6298898   0.6527748   0.6633240   0.6658353   0.6648725   0.6634216   0.6628197
  10.0376498   0.5492018   0.4709188   0.5710585   0.6313100   0.6581354   0.6676645   0.6687132   0.6664999   0.6639289   0.6622968
  10.0663288   0.4010178   0.4179726   0.5654645   0.6392132   0.6656094   0.6724553   0.6714729   0.6679038   0.6642746   0.6617092
  10.0950078   0.1767324   0.4158589   0.5839230   0.6541386   0.6748651   0.6774265   0.6739623   0.6689891   0.6643866   0.6609988
  10.1236868   0.1185760   0.4844075   0.6264705   0.6751698   0.6852175   0.6822190   0.6760128   0.6696647   0.6642010   0.6601150
  10.1523658   0.3252173   0.6240366   0.6866634   0.6999331   0.6956748   0.6864127   0.6774501   0.6698466   0.6636628   0.6590149
  10.1810448   0.8570423   0.8017450   0.7528548   0.7249594   0.7050471   0.6895671   0.6781082   0.6694622   0.6627275   0.6576641
  10.2097238   1.4006295   0.9601693   0.8111971   0.7463272   0.7121018   0.6912688   0.6778440   0.6684541   0.6613619   0.6560373
  10.2384028   1.4566265   1.0468350   0.8494797   0.7604279   0.7157422   0.6911797   0.6765510   0.6667837   0.6595450   0.6541184
  10.2670818   1.1988016   1.0412201   0.8604383   0.7646611   0.7151751   0.6890796   0.6741701   0.6644341   0.6572688   0.6519012
  10.2957608   1.0252879   0.9601916   0.8433118   0.7579004   0.7100402   0.6848979   0.6706972   0.6614110   0.6545382   0.6493889
  10.3244398   0.7921940   0.8424731   0.8031758   0.7406391   0.7004748   0.6787272   0.6661851   0.6577433   0.6513710   0.6465947
  10.3531188   0.5595190   0.7270593   0.7485621   0.7148201   0.6871065   0.6708194   0.6607408   0.6534819   0.6477977   0.6435411
  10.3817978   0.5283487   0.6382858   0.6885505   0.6834276   0.6709731   0.6615611   0.6545173   0.6486966   0.6438601   0.6402596
  10.4104768   0.5168692   0.5811322   0.6305726   0.6499627   0.6533852   0.6514337   0.6477006   0.6434725   0.6396104   0.6367905
  10.4391558   0.5203083   0.5449796   0.5796116   0.6179175   0.6357552   0.6409615   0.6404947   0.6379057   0.6351100   0.6331823
  10.4678348   0.6113727   0.5130024   0.5386851   0.5903309   0.6194169   0.6306559   0.6331048   0.6320983   0.6304280   0.6294908
  10.4965138   0.5805434   0.4738724   0.5098633   0.5694650   0.6054652   0.6209620   0.6257214   0.6261542   0.6256399   0.6257789
  10.5251928   0.4205976   0.4308919   0.4949273   0.5566084   0.5946330   0.6122145   0.6185066   0.6201750   0.6208263   0.6221154
  10.5538718   0.2933370   0.4028725   0.4951468   0.5519968   0.5872221   0.6046089   0.6115852   0.6142577   0.6160719   0.6185748
  10.5825508   0.1996715   0.4138709   0.5103234   0.5548470   0.5830935   0.5981906   0.6050406   0.6084926   0.6114650   0.6152358
  10.6112298   0.1981453   0.4756090   0.5378152   0.5634998   0.5817125   0.5928630   0.5989158   0.6029645   0.6070967   0.6121816
  10.6399088   0.4889878   0.5738592   0.5723642   0.5756667   0.5822420   0.5884134   0.5932206   0.5977533   0.6030610   0.6094978
  10.6685878   0.9672222   0.6715687   0.6071043   0.5887547   0.5836679   0.5845521   0.5879428   0.5929371   0.5994547   0.6072724
  10.6972668   1.1014283   0.7306508   0.6354000   0.6002257   0.5849384   0.5809607   0.5830626   0.5885957   0.5963772   0.6055946
  10.7259458   0.8390769   0.7367430   0.6526341   0.6079290   0.5851019   0.5773428   0.5785684   0.5848146   0.5939308   0.6045534
  10.7546248   0.6082126   0.7057541   0.6570814   0.6103539   0.5834241   0.5734709   0.5744726   0.5816883   0.5922203   0.6042363
  10.7833038   0.5039067   0.6670997   0.6495709   0.6067655   0.5794748   0.5692259   0.5708245   0.5793234   0.5913523   0.6047283
  10.8119828   0.5359970   0.6399195   0.6323398   0.5972219   0.5731760   0.5646228   0.5677201   0.5778405   0.5914342   0.6061096
  10.8406618   0.7111658   0.6226926   0.6078586   0.5824957   0.5648079   0.5598223   0.5653069   0.5773737   0.5925723   0.6084541
  10.8693408   0.7567432   0.6015684   0.5782474   0.5639365   0.5549777   0.5551267   0.5637836   0.5780695   0.5948699   0.6118269
  10.8980198   0.5995733   0.5657992   0.5453993   0.5433068   0.5445565   0.5509622   0.5633934   0.5800826   0.5984237   0.6162827
  10.9266988   0.4729732   0.5158524   0.5114624   0.5226118   0.5345931   0.5478484   0.5644138   0.5835703   0.6033209   0.6218628
  10.9553778   0.4479363   0.4607313   0.4791951   0.5039279   0.5262172   0.5463608   0.5671408   0.5886854   0.6096345   0.6285931
  10.9840568   0.4085275   0.4114935   0.4519007   0.4892300   0.5205413   0.5470883   0.5718709   0.5955678   0.6174192   0.6364814
  11.0127358   0.3108332   0.3771991   0.4329638   0.4802213   0.5185720   0.5505908   0.5788818   0.6043349   0.6267069   0.6455156
  11.0414148   0.2533401   0.3630029   0.4252114   0.4781816   0.5211399   0.5573600   0.5884117   0.6150724   0.6375022   0.6556611
  11.0700938   0.3121323   0.3690067   0.4303394   0.4838578   0.5288513   0.5677863   0.6006414   0.6278251   0.6497785   0.6668599
  11.0987728   0.4388890   0.3920043   0.4485384   0.4974272   0.5420663   0.5821328   0.6156776   0.6425888   0.6634741   0.6790287
  11.1274518   0.4736899   0.4306227   0.4783697   0.5185482   0.5608996   0.6005184   0.6335398   0.6593035   0.6784900   0.6920588
  11.1561308   0.3553251   0.4873990   0.5169504   0.5464980   0.5852388   0.6229085   0.6541511   0.6778487   0.6946882   0.7058157
  11.1848098   0.3419931   0.5616185   0.5605426   0.5803665   0.6147743   0.6491133   0.6773334   0.6980410   0.7118911   0.7201401
  11.2134888   0.6744809   0.6394288   0.6055641   0.6192537   0.6490298   0.6787924   0.7028066   0.7196336   0.7298830   0.7348491
  11.2421678   1.0561072   0.6967433   0.6498068   0.6624109   0.6873891   0.7114644   0.7301931   0.7423191   0.7484117   0.7497389
  11.2708468   0.9846919   0.7183849   0.6933573   0.7092758   0.7291130   0.7465203   0.7590246   0.7657346   0.7671928   0.7645869
  11.2995258   0.5961087   0.7150833   0.7386479   0.7593866   0.7733479   0.7832407   0.7887545   0.7894685   0.7859147   0.7791561
  11.3282048   0.4012251   0.7185067   0.7893582   0.8122025   0.8191300   0.8208155   0.8187721   0.8130705   0.8042446   0.7931991
  11.3568838   0.5819555   0.7586443   0.8484723   0.8668978   0.8653907   0.8583661   0.8484197   0.8360628   0.8218359   0.8064627
  11.3855628   0.8820650   0.8461873   0.9163207   0.9222151   0.9109715   0.8949706   0.8770122   0.8579526   0.8383363   0.8186933
  11.4142418   0.9409802   0.9716779   0.9895752   0.9764444   0.9546514   0.9296910   0.9038571   0.8782455   0.8533963   0.8296420
  11.4429208   0.9404239   1.1120963   1.0617965   1.0275542   0.9951884   0.9616016   0.9282757   0.8964600   0.8666780   0.8390706
  11.4715998   1.3455062   1.2353005   1.1254183   1.0734410   1.0313726   0.9898188   0.9496244   0.9121411   0.8778637   0.8467563
  11.5002788   1.7727526   1.3080067   1.1743356   1.1122170   1.0620827   1.0135302   0.9673142   0.9248736   0.8866644   0.8524973
  11.5289578   1.6147252   1.3133551   1.2059182   1.1424435   1.0863388   1.0320219   0.9808299   0.9342944   0.8928273   0.8561171
  11.5576368   1.2258693   1.2662893   1.2214864   1.1632369   1.1033454   1.0447034   0.9897462   0.9401031   0.8961425   0.8574690
  11.5863158   0.9969955   1.2082496   1.2250301   1.1742309   1.1125187   1.0511277   0.9937410   0.9420710   0.8964487   0.8564394
  11.6149948   0.8966927   1.1804583   1.2208541   1.1754301   1.1135002   1.0510068   0.9926060   0.9400471   0.8936370   0.8529503
  11.6436738   0.9901801   1.1960174   1.2113874   1.1670319   1.1061579   1.0442215   0.9862526   0.9339626   0.8876538   0.8469609
  11.6723528   1.3693585   1.2327902   1.1962594   1.1492921   1.0905802   1.0308253   0.9747146   0.9238321   0.8785017   0.8384688
  11.7010318   1.6371175   1.2521297   1.1729811   1.1224852   1.0670664   1.0110424   0.9581457   0.9097520   0.8662388   0.8275094
  11.7297108   1.4165058   1.2275498   1.1386651   1.0869565   1.0361168   0.9852596   0.9368139   0.8918972   0.8509770   0.8141549
  11.7583898   1.0666600   1.1597206   1.0917386   1.0432313   0.9984222   0.9540125   0.9110910   0.8705140   0.8328777   0.7985123
  11.7870688   0.9859707   1.0683728   1.0327818   0.9921214   0.9548505   0.9179666   0.8814388   0.8459122   0.8121475   0.7807209
  11.8157478   0.9958446   0.9737902   0.9642715   0.9347812   0.9064270   0.8778929   0.8483925   0.8184545   0.7890318   0.7609481
  11.8444268   0.8815137   0.8858857   0.8896295   0.8726928   0.8543062   0.8346394   0.8125415   0.7885448   0.7638078   0.7393858
  11.8731058   0.7615091   0.8050511   0.8122257   0.8075850   0.7997318   0.7890991   0.7745087   0.7566160   0.7367773   0.7162458
  11.9017848   0.7186224   0.7274080   0.7348011   0.7413157   0.7439868   0.7421752   0.7349290   0.7231166   0.7082584   0.6917547
  11.9304638   0.7053799   0.6492112   0.6594050   0.6757454   0.6883348   0.6947471   0.6944289   0.6884985   0.6785781   0.6661490
  11.9591428   0.6227207   0.5702681   0.5876454   0.6126238   0.6339577   0.6476362   0.6536067   0.6532048   0.6480641   0.6396702
  11.9878218   0.4242446   0.4950347   0.5209874   0.5534947   0.5818948   0.6015761   0.6130158   0.6176586   0.6170377   0.6125599
  12.0165008   0.2955467   0.4289642   0.4609227   0.4996141   0.5329892   0.5571885   0.5731506   0.5822544   0.5858072   0.5850550
  12.0451798   0.3743116   0.3731799   0.4089645   0.4518758   0.4878467   0.5149657   0.5344361   0.5473495   0.5546625   0.5573838
  12.0738588   0.4393450   0.3248113   0.3664713   0.4107422   0.4468134   0.4752631   0.4972220   0.5132593   0.5238696   0.5297621
  12.1025378   0.2927783   0.2839244   0.3343171   0.3761946   0.4099746   0.4382995   0.4617808   0.4802529   0.4936675   0.5023902
  12.1312168   0.1131990   0.2579166   0.3124579   0.3477187   0.3771762   0.4041676   0.4283089   0.4485517   0.4642651   0.4754501
  12.1598958   0.0858467   0.2556653   0.2995448   0.3243502   0.3480688   0.3728515   0.3969327   0.4183294   0.4358398   0.4491037
  12.1885748   0.2202678   0.2764448   0.2928170   0.3047904   0.3221693   0.3442506   0.3677154   0.3897138   0.4085368   0.4234914
  12.2172538   0.4145790   0.3060817   0.2884651   0.2875881   0.2989330   0.3182060   0.3406671   0.3627893   0.3824694   0.3987313
  12.2459328   0.4786838   0.3252086   0.2824546   0.2713616   0.2778285   0.2945274   0.3157550   0.3376011   0.3577197   0.3749192
  12.2746118   0.3759953   0.3215099   0.2715487   0.2550188   0.2584028   0.2730174   0.2929131   0.3141593   0.3343408   0.3521290
  12.3032908   0.2892428   0.2948786   0.2541404   0.2379279   0.2403302   0.2534902   0.2720516   0.2924437   0.3123587   0.3304131
  12.3319698   0.2591353   0.2532280   0.2305866   0.2199996   0.2234358   0.2357841   0.2530648   0.2724085   0.2917750   0.3098041
  12.3606488   0.2045618   0.2055448   0.2029681   0.2016614   0.2076921   0.2197661   0.2358367   0.2539869   0.2725694   0.2903160
  12.3893278   0.1515396   0.1585658   0.1744280   0.1837293   0.1931906   0.2053298   0.2202449   0.2370950   0.2547035   0.2719462
  12.4180068   0.1007250   0.1174627   0.1483458   0.1672093   0.1800934   0.1923870   0.2061631   0.2216360   0.2381228   0.2546771
  12.4466858   0.0435506   0.0871439   0.1275852   0.1530720   0.1685750   0.1808565   0.1934619   0.2075032   0.2227608   0.2384788
  12.4753648   0.0123525   0.0716736   0.1139651   0.1420488   0.1587644   0.1706509   0.1820088   0.1945834   0.2085408   0.2233106
  12.5040438   0.0177227   0.0721474   0.1080189   0.1344888   0.1506982   0.1616658   0.1716685   0.1827592   0.1953798   0.2091234
  12.5327228   0.0665375   0.0853240   0.1090374   0.1302973   0.1442912   0.1537713   0.1623024   0.1719118   0.1831902   0.1958620
  12.5614018   0.1406602   0.1050194   0.1153416   0.1289601   0.1393299   0.1468094   0.1537700   0.1619230   0.1718827   0.1834666
  12.5900808   0.1625796   0.1256249   0.1246864   0.1296378   0.1354873   0.1405963   0.1459303   0.1526777   0.1613686   0.1718750
  12.6187598   0.1244175   0.1444369   0.1346875   0.1313062   0.1323568   0.1349297   0.1386447   0.1440657   0.1515612   0.1610243
  12.6474388   0.1214548   0.1603995   0.1431894   0.1329107   0.1294967   0.1296006   0.1317801   0.1359839   0.1423782   0.1508522
  12.6761178   0.2003877   0.1712989   0.1485284   0.1335103   0.1264801   0.1244068   0.1252131   0.1283378   0.1337428   0.1412985
  12.7047968   0.2671469   0.1737593   0.1496806   0.1323874   0.1229394   0.1191669   0.1188342   0.1210439   0.1255848   0.1323062
  12.7334758   0.2046592   0.1665582   0.1462946   0.1291134   0.1186022   0.1137329   0.1125512   0.1140299   0.1178419   0.1238222
  12.7621548   0.1001372   0.1526137   0.1386210   0.1235667   0.1133114   0.1079995   0.1062928   0.1072369   0.1104601   0.1157984
  12.7908338   0.0916540   0.1363311   0.1273711   0.1159082   0.1070314   0.1019095   0.1000099   0.1006190   0.1033940   0.1081916
  12.8195128   0.1513947   0.1194303   0.1135540   0.1065230   0.0998383   0.0954538   0.0936764   0.0941438   0.0966070   0.1009642
  12.8481918   0.1548591   0.1006008   0.0983303   0.0959420   0.0918988   0.0886687   0.0872887   0.0877922   0.0900709   0.0940843
  12.8768708   0.0829229   0.0791336   0.0828872   0.0847560   0.0834418   0.0816277   0.0808635   0.0815568   0.0837658   0.0875250
  12.9055498   0.0230632   0.0576349   0.0683085   0.0735353   0.0747274   0.0744322   0.0744342   0.0754411   0.0776790   0.0812649
  12.9342288   0.0040927   0.0406132   0.0554293   0.0627649   0.0660170   0.0672001   0.0680476   0.0694575   0.0718044   0.0752872
  12.9629078   0.0060784   0.0308602   0.0447037   0.0528033   0.0575489   0.0600551   0.0617589   0.0636254   0.0661413   0.0695794
  12.9915868   0.0224147   0.0274326   0.0361519   0.0438677   0.0495210   0.0531165   0.0556276   0.0579691   0.0606935   0.0641327
  13.0202658   0.0445759   0.0266975   0.0294324   0.0360437   0.0420814   0.0464913   0.0497128   0.0525156   0.0554680   0.0589414
  13.0489448   0.0459291   0.0250291   0.0240221   0.0293132   0.0353265   0.0402682   0.0440695   0.0472926   0.0504737   0.0540020
  13.0776238   0.0245085   0.0208875   0.0194271   0.0235918   0.0293045   0.0345143   0.0387461   0.0423264   0.0457206   0.0493130
  13.1063028   0.0067730   0.0150287   0.0153324   0.0187649   0.0240238   0.0292745   0.0337814   0.0376408   0.0412188   0.0448738
  13.1349818   0.0009694   0.0092213   0.0116388   0.0147165   0.0194617   0.0245717   0.0292040   0.0332553   0.0369773   0.0406844
  13.1636608   0.0000719   0.0048077   0.0083998   0.0113448   0.0155746   0.0204093   0.0250313   0.0291847   0.0330034   0.0367450
  13.1923398   0.0000028   0.0021276   0.0057164   0.0085668   0.0123061   0.0167743   0.0212701   0.0254383   0.0293023   0.0330551
  13.2210188   0.0000001   0.0007988   0.0036483   0.0063148   0.0095934   0.0136410   0.0179173   0.0220197   0.0258767   0.0296134
  13.2496978   0.0000000   0.0002545   0.0021761   0.0045291   0.0073719   0.0109740   0.0149612   0.0189272   0.0227262   0.0264177
  13.2783768   0.0000000   0.0000688   0.0012105   0.0031517   0.0055783   0.0087321   0.0123829   0.0161539   0.0198479   0.0234643
  13.3070558   0.0000000   0.0000158   0.0006271   0.0021228   0.0041523   0.0068706   0.0101580   0.0136885   0.0172356   0.0207483
  13.3357348   0.0000000   0.0000031   0.0003023   0.0013812   0.0030370   0.0053440   0.0082583   0.0115156   0.0148809   0.0182632
  13.3644138   0.0000000   0.0000005   0.0001356   0.0008669   0.0021803   0.0041076   0.0066532   0.0096172   0.0127730   0.0160014
  13.3930928   0.0000000   0.0000001   0.0000565   0.0005241   0.0015349   0.0031189   0.0053110   0.0079729   0.0108990   0.0139536
  13.4217718   0.0000000   0.0000000   0.0000219   0.0003050   0.0010585   0.0023385   0.0042003   0.0065609   0.0092445   0.0121098
  13.4504508   0.0000000   0.0000000   0.0000079   0.0001707   0.0007146   0.0017306   0.0032908   0.0053587   0.0077940   0.0104587
  13.4791298   0.0000000   0.0000000   0.0000026   0.0000918   0.0004718   0.0012637   0.0025536   0.0043440   0.0065313   0.0089885
  13.5078088   0.0000000   0.0000000   0.0000008   0.0000475   0.0003045   0.0009100   0.0019623   0.0034948   0.0054397   0.0076867
  13.5364878   0.0000000   0.0000000   0.0000002   0.0000236   0.0001920   0.0006461   0.0014932   0.0027902   0.0045027   0.0065406
  13.5651668   0.0000000   0.0000000   0.0000001   0.0000112   0.0001182   0.0004520   0.0011248   0.0022105   0.0037039   0.0055373
  13.5938458   0.0000000   0.0000000   0.0000000   0.0000051   0.0000711   0.0003116   0.0008387   0.0017377   0.0030279   0.0046640
  13.6225248   0.0000000   0.0000000   0.0000000   0.0000023   0.0000417   0.0002115   0.0006189   0.0013553   0.0024597   0.0039084
  13.6512038   0.0000000   0.0000000   0.0000000   0.0000010   0.0000238   0.0001413   0.0004519   0.0010487   0.0019855   0.0032583
  13.6798828   0.0000000   0.0000000   0.0000000   0.0000004   0.0000133   0.0000930   0.0003264   0.0008050   0.0015926   0.0027022
  13.7085618   0.0000000   0.0000000   0.0000000   0.0000002   0.0000072   0.0000602   0.0002332   0.0006129   0.0012692   0.0022293
  13.7372408   0.0000000   0.0000000   0.0000000   0.0000001   0.0000038   0.0000383   0.0001648   0.0004629   0.0010050   0.0018295
  13.7659198   0.0000000   0.0000000   0.0000000   0.0000000   0.0000020   0.0000240   0.0001151   0.0003467   0.0007907   0.0014935
  13.7945988   0.0000000   0.0000000   0.0000000   0.0000000   0.0000010   0.0000148   0.0000795   0.0002575   0.0006180   0.0012127
  13.8232778   0.0000000   0.0000000   0.0000000   0.0000000   0.0000005   0.0000089   0.0000543   0.0001897   0.0004798   0.0009795
  13.8519568   0.0000000   0.0000000   0.0000000   0.0000000   0.0000002   0.0000053   0.0000366   0.0001385   0.0003701   0.0007869
  13.8806358   0.0000000   0.0000000   0.0000000   0.0000000   0.0000001   0.0000031   0.0000244   0.0001003   0.0002836   0.0006287
  13.9093148   0.0000000   0.0000000   0.0000000   0.0000000   0.0000000   0.0000018   0.0000161   0.0000720   0.0002158   0.0004997
  13.9379938   0.0000000   0.0000000   0.0000000   0.0000000   0.0000000   0.0000010   0.0000105   0.0000512   0.0001632   0.0003949
  13.9666728   0.0000000   0.0000000   0.0000000   0.0000000   0.0000000   0.0000006   0.0000067   0.0000361   0.0001225   0.0003104
  13.9953517   0.0000000   0.0000000   0.0000000   0.0000000   0.0000000   0.0000003   0.0000043   0.0000252   0.0000914   0.0002427
  14.0240307   0.0000000   0.0000000   0.0000000   0.0000000   0.0000000   0.0000002   0.0000027   0.0000175   0.0000677   0.0001887
  14.0527097   0.0000000   0.0000000   0.0000000   0.0000000   0.0000000   0.0000001   0.0000017   0.0000120   0.0000498   0.0001459
  14.0813887   0.0000000   0.0000000   0.0000000   0.0000000   0.0000000   0.0000000   0.0000010   0.0000082   0.0000363   0.0001121
  14.1100677   0.0000000   0.0000000   0.0000000   0.0000000   0.0000000   0.0000000   0.0000006   0.0000055   0.0000264   0.0000857
  14.1387467   0.0000000   0.0000000   0.0000000   0.0000000   0.0000000   0.0000000   0.0000004   0.0000037   0.0000190   0.0000652
  14.1674257   0.0000000   0.0000000   0.0000000   0.0000000   0.0000000   0.0000000   0.0000002   0.0000024   0.0000136   0.0000493
  14.1961047   0.0000000   0.0000000   0.0000000   0.0000000   0.0000000   0.0000000   0.0000001   0.0000016   0.0000096   0.0000370
  14.2247837   0.0000000   0.0000000   0.0000000   0.0000000   0.0000000   0.0000000   0.0000001   0.0000010   0.0000068   0.0000277
  14.2534627   0.0000000   0.0000000   0.0000000   0.0000000   0.0000000   0.0000000   0.0000000   0.0000007   0.0000048   0.0000206
  14.2821417   0.0000000   0.0000000   0.0000000   0.0000000   0.0000000   0.0000000   0.0000000   0.0000004   0.0000033   0.0000152
  14.3108207   0.0000000   0.0000000   0.0000000   0.0000000   0.0000000   0.0000000   0.0000000   0.0000003   0.0000023   0.0000112
  14.3394997   0.0000000   0.0000000   0.0000000   0.0000000   0.0000000   0.0000000   0.0000000   0.0000002   0.0000016   0.0000082
 Integrated el-ph coupling
  #            0.6860804   0.6861147   0.6861720   0.6862523   0.6863557   0.6864823   0.6866323   0.6868059   0.6870032   0.6872246
 Phonon smearing (meV)
  #            0.0500000   0.1000000   0.1500000   0.2000000   0.2500000   0.3000000   0.3500000   0.4000000   0.4500000   0.5000000
 Electron smearing (eV)   0.2000000
 Fermi window (eV)   1.0000000
 Summed el-ph coupling    0.6860689
