   0.0286790   0.0000000   0.0000000   0.0000000   0.0000000   0.0000000   0.0000000   0.0000000   0.0000000   0.0000000   0.0000000
   0.0573580   0.0000000   0.0000000   0.0000000   0.0000000   0.0000000   0.0000000   0.0000000   0.0000000   0.0000000   0.0000000
   0.0860370   0.0000000   0.0000000   0.0000000   0.0000000   0.0000000   0.0000000   0.0000000   0.0000000   0.0000000   0.0000000
   0.1147160   0.0000000   0.0000000   0.0000000   0.0000000   0.0000000   0.0000000   0.0000000   0.0000000   0.0000000   0.0000000
   0.1433950   0.0000000   0.0000000   0.0000000   0.0000000   0.0000000   0.0000000   0.0000000   0.0000000   0.0000000   0.0000000
   0.1720740   0.0000000   0.0000000   0.0000000   0.0000000   0.0000000   0.0000000   0.0000000   0.0000000   0.0000000   0.0000000
   0.2007530   0.0000000   0.0000000   0.0000000   0.0000000   0.0000000   0.0000000   0.0000000   0.0000000   0.0000000   0.0000000
   0.2294320   0.0000000   0.0000000   0.0000000   0.0000000   0.0000000   0.0000000   0.0000000   0.0000000   0.0000000   0.0000000
   0.2581110   0.0000000   0.0000000   0.0000000   0.0000000   0.0000000   0.0000000   0.0000000   0.0000000   0.0000000   0.0000000
   0.2867900   0.0000000   0.0000000   0.0000000   0.0000000   0.0000000   0.0000000   0.0000000   0.0000000   0.0000000   0.0000000
   0.3154690   0.0000000   0.0000000   0.0000000   0.0000000   0.0000000   0.0000000   0.0000000   0.0000000   0.0000000   0.0000000
   0.3441480   0.0000000   0.0000000   0.0000000   0.0000000   0.0000000   0.0000000   0.0000000   0.0000000   0.0000000   0.0000000
   0.3728270   0.0000000   0.0000000   0.0000000   0.0000000   0.0000000   0.0000000   0.0000000   0.0000000   0.0000000   0.0000000
   0.4015060   0.0000000   0.0000000   0.0000000   0.0000000   0.0000000   0.0000000   0.0000000   0.0000000   0.0000000   0.0000000
   0.4301850   0.0000000   0.0000000   0.0000000   0.0000000   0.0000000   0.0000000   0.0000000   0.0000000   0.0000000   0.0000000
   0.4588640   0.0000000   0.0000000   0.0000000   0.0000000   0.0000000   0.0000000   0.0000000   0.0000000   0.0000000   0.0000000
   0.4875430   0.0000000   0.0000000   0.0000000   0.0000000   0.0000000   0.0000000   0.0000000   0.0000000   0.0000000   0.0000000
   0.5162220   0.0000000   0.0000000   0.0000000   0.0000000   0.0000000   0.0000000   0.0000000   0.0000000   0.0000000   0.0000000
   0.5449010   0.0000000   0.0000000   0.0000000   0.0000000   0.0000000   0.0000000   0.0000000   0.0000000   0.0000000   0.0000000
   0.5735800   0.0000000   0.0000000   0.0000000   0.0000000   0.0000000   0.0000000   0.0000000   0.0000000   0.0000000   0.0000000
   0.6022590   0.0000000   0.0000000   0.0000000   0.0000000   0.0000000   0.0000000   0.0000000   0.0000000   0.0000000   0.0000000
   0.6309380   0.0000000   0.0000000   0.0000000   0.0000000   0.0000000   0.0000000   0.0000000   0.0000000   0.0000000   0.0000000
   0.6596170   0.0000000   0.0000000   0.0000000   0.0000000   0.0000000   0.0000000   0.0000000   0.0000000   0.0000000   0.0000000
   0.6882960   0.0000000   0.0000000   0.0000000   0.0000000   0.0000000   0.0000000   0.0000000   0.0000000   0.0000000   0.0000000
   0.7169750   0.0000000   0.0000000   0.0000000   0.0000000   0.0000000   0.0000000   0.0000000   0.0000000   0.0000000   0.0000000
   0.7456540   0.0000000   0.0000000   0.0000000   0.0000000   0.0000000   0.0000000   0.0000000   0.0000000   0.0000000   0.0000000
   0.7743330   0.0000000   0.0000000   0.0000000   0.0000000   0.0000000   0.0000000   0.0000000   0.0000000   0.0000000   0.0000000
   0.8030120   0.0000000   0.0000000   0.0000000   0.0000000   0.0000000   0.0000000   0.0000000   0.0000000   0.0000000   0.0000000
   0.8316910   0.0000000   0.0000000   0.0000000   0.0000000   0.0000000   0.0000000   0.0000000   0.0000000   0.0000000   0.0000000
   0.8603700   0.0000000   0.0000000   0.0000000   0.0000000   0.0000000   0.0000000   0.0000000   0.0000000   0.0000000   0.0000001
   0.8890490   0.0000000   0.0000000   0.0000000   0.0000000   0.0000000   0.0000000   0.0000000   0.0000000   0.0000000   0.0000001
   0.9177280   0.0000000   0.0000000   0.0000000   0.0000000   0.0000000   0.0000000   0.0000000   0.0000000   0.0000000   0.0000001
   0.9464070   0.0000000   0.0000000   0.0000000   0.0000000   0.0000000   0.0000000   0.0000000   0.0000000   0.0000000   0.0000002
   0.9750860   0.0000000   0.0000000   0.0000000   0.0000000   0.0000000   0.0000000   0.0000000   0.0000000   0.0000000   0.0000003
   1.0037650   0.0000000   0.0000000   0.0000000   0.0000000   0.0000000   0.0000000   0.0000000   0.0000000   0.0000001   0.0000004
   1.0324440   0.0000000   0.0000000   0.0000000   0.0000000   0.0000000   0.0000000   0.0000000   0.0000000   0.0000001   0.0000005
   1.0611230   0.0000000   0.0000000   0.0000000   0.0000000   0.0000000   0.0000000   0.0000000   0.0000000   0.0000001   0.0000007
   1.0898020   0.0000000   0.0000000   0.0000000   0.0000000   0.0000000   0.0000000   0.0000000   0.0000000   0.0000002   0.0000009
   1.1184810   0.0000000   0.0000000   0.0000000   0.0000000   0.0000000   0.0000000   0.0000000   0.0000000   0.0000003   0.0000012
   1.1471600   0.0000000   0.0000000   0.0000000   0.0000000   0.0000000   0.0000000   0.0000000   0.0000001   0.0000004   0.0000016
   1.1758390   0.0000000   0.0000000   0.0000000   0.0000000   0.0000000   0.0000000   0.0000000   0.0000001   0.0000006   0.0000021
   1.2045180   0.0000000   0.0000000   0.0000000   0.0000000   0.0000000   0.0000000   0.0000000   0.0000001   0.0000008   0.0000028
   1.2331970   0.0000000   0.0000000   0.0000000   0.0000000   0.0000000   0.0000000   0.0000000   0.0000002   0.0000012   0.0000036
   1.2618760   0.0000000   0.0000000   0.0000000   0.0000000   0.0000000   0.0000000   0.0000000   0.0000003   0.0000016   0.0000047
   1.2905550   0.0000000   0.0000000   0.0000000   0.0000000   0.0000000   0.0000000   0.0000001   0.0000005   0.0000022   0.0000061
   1.3192340   0.0000000   0.0000000   0.0000000   0.0000000   0.0000000   0.0000000   0.0000001   0.0000007   0.0000030   0.0000078
   1.3479130   0.0000000   0.0000000   0.0000000   0.0000000   0.0000000   0.0000000   0.0000002   0.0000011   0.0000040   0.0000099
   1.3765920   0.0000000   0.0000000   0.0000000   0.0000000   0.0000000   0.0000000   0.0000003   0.0000016   0.0000054   0.0000126
   1.4052710   0.0000000   0.0000000   0.0000000   0.0000000   0.0000000   0.0000000   0.0000004   0.0000023   0.0000071   0.0000158
   1.4339500   0.0000000   0.0000000   0.0000000   0.0000000   0.0000000   0.0000001   0.0000006   0.0000032   0.0000093   0.0000198
   1.4626290   0.0000000   0.0000000   0.0000000   0.0000000   0.0000000   0.0000001   0.0000010   0.0000045   0.0000122   0.0000245
   1.4913080   0.0000000   0.0000000   0.0000000   0.0000000   0.0000000   0.0000002   0.0000015   0.0000062   0.0000158   0.0000302
   1.5199870   0.0000000   0.0000000   0.0000000   0.0000000   0.0000000   0.0000003   0.0000023   0.0000085   0.0000203   0.0000370
   1.5486660   0.0000000   0.0000000   0.0000000   0.0000000   0.0000000   0.0000005   0.0000034   0.0000115   0.0000258   0.0000450
   1.5773450   0.0000000   0.0000000   0.0000000   0.0000000   0.0000000   0.0000009   0.0000050   0.0000155   0.0000326   0.0000544
   1.6060240   0.0000000   0.0000000   0.0000000   0.0000000   0.0000001   0.0000014   0.0000073   0.0000206   0.0000408   0.0000653
   1.6347030   0.0000000   0.0000000   0.0000000   0.0000000   0.0000002   0.0000023   0.0000105   0.0000271   0.0000507   0.0000778
   1.6633820   0.0000000   0.0000000   0.0000000   0.0000000   0.0000003   0.0000037   0.0000148   0.0000354   0.0000626   0.0000922
   1.6920610   0.0000000   0.0000000   0.0000000   0.0000000   0.0000007   0.0000058   0.0000207   0.0000456   0.0000765   0.0001086
   1.7207400   0.0000000   0.0000000   0.0000000   0.0000000   0.0000012   0.0000090   0.0000284   0.0000582   0.0000928   0.0001270
   1.7494190   0.0000000   0.0000000   0.0000000   0.0000001   0.0000022   0.0000136   0.0000386   0.0000736   0.0001116   0.0001476
   1.7780980   0.0000000   0.0000000   0.0000000   0.0000002   0.0000039   0.0000202   0.0000517   0.0000920   0.0001332   0.0001705
   1.8067770   0.0000000   0.0000000   0.0000000   0.0000004   0.0000068   0.0000295   0.0000683   0.0001139   0.0001577   0.0001956
   1.8354560   0.0000000   0.0000000   0.0000000   0.0000009   0.0000115   0.0000423   0.0000890   0.0001395   0.0001852   0.0002230
   1.8641350   0.0000000   0.0000000   0.0000000   0.0000020   0.0000188   0.0000596   0.0001145   0.0001692   0.0002158   0.0002526
   1.8928140   0.0000000   0.0000000   0.0000000   0.0000041   0.0000299   0.0000824   0.0001453   0.0002031   0.0002494   0.0002843
   1.9214930   0.0000000   0.0000000   0.0000002   0.0000082   0.0000465   0.0001120   0.0001819   0.0002413   0.0002859   0.0003181
   1.9501720   0.0000000   0.0000000   0.0000005   0.0000158   0.0000704   0.0001493   0.0002248   0.0002837   0.0003252   0.0003536
   1.9788510   0.0000000   0.0000000   0.0000015   0.0000289   0.0001037   0.0001954   0.0002740   0.0003302   0.0003669   0.0003907
   2.0075300   0.0000000   0.0000000   0.0000041   0.0000508   0.0001489   0.0002513   0.0003295   0.0003805   0.0004108   0.0004290
   2.0362090   0.0000000   0.0000000   0.0000104   0.0000858   0.0002083   0.0003171   0.0003911   0.0004340   0.0004563   0.0004683
   2.0648880   0.0000000   0.0000001   0.0000246   0.0001391   0.0002837   0.0003931   0.0004579   0.0004899   0.0005030   0.0005083
   2.0935670   0.0000000   0.0000007   0.0000539   0.0002164   0.0003765   0.0004784   0.0005291   0.0005476   0.0005502   0.0005486
   2.1222460   0.0000000   0.0000033   0.0001099   0.0003231   0.0004865   0.0005716   0.0006031   0.0006059   0.0005974   0.0005888
   2.1509250   0.0000000   0.0000140   0.0002082   0.0004629   0.0006124   0.0006707   0.0006785   0.0006638   0.0006438   0.0006286
   2.1796040   0.0000000   0.0000500   0.0003667   0.0006365   0.0007508   0.0007727   0.0007531   0.0007201   0.0006888   0.0006677
   2.2082830   0.0000000   0.0001517   0.0006004   0.0008399   0.0008966   0.0008741   0.0008250   0.0007736   0.0007319   0.0007059
   2.2369620   0.0000009   0.0003903   0.0009137   0.0010636   0.0010429   0.0009709   0.0008919   0.0008232   0.0007724   0.0007429
   2.2656410   0.0000200   0.0008516   0.0012924   0.0012927   0.0011816   0.0010590   0.0009517   0.0008678   0.0008100   0.0007788
   2.2943200   0.0002353   0.0015762   0.0016991   0.0015078   0.0013039   0.0011343   0.0010025   0.0009066   0.0008443   0.0008135
   2.3229990   0.0014305   0.0024750   0.0020764   0.0016878   0.0014016   0.0011932   0.0010426   0.0009389   0.0008753   0.0008471
   2.3516780   0.0045037   0.0032968   0.0023586   0.0018132   0.0014674   0.0012327   0.0010709   0.0009645   0.0009030   0.0008800
   2.3803570   0.0073430   0.0037254   0.0024903   0.0018695   0.0014965   0.0012511   0.0010869   0.0009833   0.0009277   0.0009125
   2.4090360   0.0062005   0.0035712   0.0024439   0.0018498   0.0014867   0.0012476   0.0010907   0.0009957   0.0009499   0.0009453
   2.4377150   0.0027115   0.0029041   0.0022293   0.0017567   0.0014389   0.0012229   0.0010828   0.0010025   0.0009704   0.0009789
   2.4663940   0.0006141   0.0020034   0.0018902   0.0016010   0.0013570   0.0011792   0.0010649   0.0010048   0.0009901   0.0010143
   2.4950730   0.0000720   0.0011724   0.0014897   0.0014004   0.0012474   0.0011197   0.0010390   0.0010042   0.0010103   0.0010524
   2.5237520   0.0000044   0.0005820   0.0010913   0.0011757   0.0011185   0.0010487   0.0010078   0.0010024   0.0010323   0.0010943
   2.5524310   0.0000001   0.0002451   0.0007430   0.0009476   0.0009796   0.0009715   0.0009744   0.0010018   0.0010577   0.0011412
   2.5811100   0.0000000   0.0000876   0.0004703   0.0007336   0.0008405   0.0008935   0.0009424   0.0010045   0.0010883   0.0011944
   2.6097890   0.0000000   0.0000265   0.0002767   0.0005466   0.0007100   0.0008207   0.0009154   0.0010132   0.0011259   0.0012552
   2.6384680   0.0000000   0.0000068   0.0001514   0.0003939   0.0005963   0.0007586   0.0008972   0.0010304   0.0011724   0.0013250
   2.6671470   0.0000000   0.0000015   0.0000772   0.0002784   0.0005061   0.0007128   0.0008914   0.0010588   0.0012297   0.0014050
   2.6958260   0.0000000   0.0000003   0.0000372   0.0002003   0.0004448   0.0006878   0.0009016   0.0011011   0.0012997   0.0014965
   2.7245050   0.0000000   0.0000000   0.0000186   0.0001583   0.0004170   0.0006877   0.0009308   0.0011596   0.0013843   0.0016007
   2.7531840   0.0000000   0.0000000   0.0000137   0.0001521   0.0004257   0.0007157   0.0009819   0.0012367   0.0014850   0.0017186
   2.7818630   0.0000000   0.0000000   0.0000207   0.0001833   0.0004736   0.0007740   0.0010573   0.0013345   0.0016035   0.0018512
   2.8105419   0.0000000   0.0000002   0.0000435   0.0002556   0.0005618   0.0008641   0.0011588   0.0014549   0.0017411   0.0019990
   2.8392209   0.0000000   0.0000013   0.0000933   0.0003748   0.0006908   0.0009866   0.0012881   0.0015995   0.0018987   0.0021626
   2.8678999   0.0000000   0.0000061   0.0001885   0.0005467   0.0008596   0.0011413   0.0014464   0.0017696   0.0020770   0.0023420
   2.8965789   0.0000000   0.0000254   0.0003548   0.0007757   0.0010657   0.0013277   0.0016347   0.0019660   0.0022765   0.0025371
   2.9252579   0.0000000   0.0000897   0.0006210   0.0010618   0.0013052   0.0015451   0.0018536   0.0021893   0.0024971   0.0027474
   2.9539369   0.0000000   0.0002680   0.0010103   0.0013983   0.0015729   0.0017928   0.0021039   0.0024397   0.0027382   0.0029721
   2.9826159   0.0000019   0.0006797   0.0015279   0.0017713   0.0018632   0.0020704   0.0023857   0.0027167   0.0029988   0.0032099
   3.0112949   0.0000411   0.0014623   0.0021480   0.0021596   0.0021713   0.0023783   0.0026992   0.0030194   0.0032775   0.0034592
   3.0399739   0.0004562   0.0026688   0.0028076   0.0025385   0.0024941   0.0027176   0.0030443   0.0033464   0.0035722   0.0037182
   3.0686529   0.0026211   0.0041319   0.0034130   0.0028852   0.0028320   0.0030902   0.0034202   0.0036952   0.0038803   0.0039844
   3.0973319   0.0077994   0.0054268   0.0038620   0.0031855   0.0031899   0.0034985   0.0038256   0.0040630   0.0041987   0.0042553
   3.1260109   0.0120193   0.0060465   0.0040766   0.0034409   0.0035771   0.0039450   0.0042580   0.0044459   0.0045237   0.0045280
   3.1546899   0.0095925   0.0057154   0.0040349   0.0036733   0.0040073   0.0044314   0.0047140   0.0048392   0.0048512   0.0047994
   3.1833689   0.0039649   0.0045849   0.0037915   0.0039259   0.0044964   0.0049578   0.0051885   0.0052374   0.0051766   0.0050663
   3.2120479   0.0008487   0.0031291   0.0034776   0.0042589   0.0050592   0.0055216   0.0056749   0.0056341   0.0054951   0.0053253
   3.2407269   0.0000941   0.0018493   0.0032816   0.0047393   0.0057063   0.0061168   0.0061646   0.0060222   0.0058017   0.0055733
   3.2694059   0.0000054   0.0010618   0.0034163   0.0054270   0.0064395   0.0067330   0.0066476   0.0063942   0.0060912   0.0058071
   3.2980849   0.0000004   0.0009251   0.0040783   0.0063583   0.0072488   0.0073553   0.0071121   0.0067421   0.0063586   0.0060239
   3.3267639   0.0000067   0.0016221   0.0054013   0.0075311   0.0081099   0.0079641   0.0075454   0.0070580   0.0065992   0.0062211
   3.3554429   0.0001084   0.0034919   0.0074090   0.0088958   0.0089846   0.0085365   0.0079341   0.0073340   0.0068089   0.0063968
   3.3841219   0.0009387   0.0069338   0.0099758   0.0103545   0.0098226   0.0090471   0.0082648   0.0075632   0.0069841   0.0065496
   3.4128009   0.0046131   0.0120399   0.0128126   0.0117707   0.0105664   0.0094700   0.0085250   0.0077394   0.0071221   0.0066788
   3.4414799   0.0143127   0.0181423   0.0154981   0.0129882   0.0111574   0.0097811   0.0087040   0.0078579   0.0072215   0.0067845
   3.4701589   0.0308632   0.0236894   0.0175621   0.0138569   0.0115431   0.0099600   0.0087935   0.0079157   0.0072819   0.0068677
   3.4988379   0.0454442   0.0267874   0.0186042   0.0142595   0.0116838   0.0099924   0.0087882   0.0079119   0.0073045   0.0069303
   3.5275169   0.0426064   0.0262219   0.0184085   0.0141327   0.0115581   0.0098711   0.0086870   0.0078478   0.0072918   0.0069752
   3.5561959   0.0255830   0.0222189   0.0170081   0.0134786   0.0111658   0.0095976   0.0084923   0.0077271   0.0072478   0.0070061
   3.5848749   0.0105336   0.0163001   0.0146714   0.0123635   0.0105281   0.0091815   0.0082112   0.0075560   0.0071783   0.0070277
   3.6135539   0.0029704   0.0103571   0.0118153   0.0109039   0.0096848   0.0086405   0.0078547   0.0073433   0.0070904   0.0070456
   3.6422329   0.0005181   0.0057023   0.0088833   0.0092446   0.0086897   0.0079991   0.0074374   0.0070997   0.0069924   0.0070660
   3.6709119   0.0000507   0.0027211   0.0062354   0.0075339   0.0076036   0.0072866   0.0069773   0.0068384   0.0068940   0.0070958
   3.6995909   0.0000026   0.0011253   0.0040862   0.0059013   0.0064886   0.0065351   0.0064951   0.0065741   0.0068060   0.0071421
   3.7282699   0.0000001   0.0004031   0.0025001   0.0044429   0.0054014   0.0057782   0.0060132   0.0063231   0.0067395   0.0072126
   3.7569489   0.0000000   0.0001249   0.0014281   0.0032152   0.0043895   0.0050485   0.0055553   0.0061023   0.0067063   0.0073147
   3.7856279   0.0000000   0.0000334   0.0007617   0.0022370   0.0034889   0.0043769   0.0051457   0.0059294   0.0067181   0.0074557
   3.8143069   0.0000000   0.0000077   0.0003793   0.0014978   0.0027236   0.0037918   0.0048082   0.0058217   0.0067864   0.0076423
   3.8429859   0.0000000   0.0000015   0.0001764   0.0009679   0.0021076   0.0033186   0.0045664   0.0057963   0.0069217   0.0078807
   3.8716649   0.0000000   0.0000003   0.0000767   0.0006103   0.0016477   0.0029805   0.0044421   0.0058687   0.0071336   0.0081760
   3.9003439   0.0000000   0.0000000   0.0000315   0.0003885   0.0013478   0.0027985   0.0044559   0.0060529   0.0074300   0.0085322
   3.9290229   0.0000000   0.0000000   0.0000133   0.0002747   0.0012122   0.0027924   0.0046258   0.0063605   0.0078170   0.0089516
   3.9577019   0.0000000   0.0000000   0.0000089   0.0002533   0.0012496   0.0029813   0.0049673   0.0068004   0.0082985   0.0094354
   3.9863809   0.0000000   0.0000000   0.0000150   0.0003249   0.0014755   0.0033833   0.0054925   0.0073782   0.0088758   0.0099829
   4.0150599   0.0000000   0.0000000   0.0000369   0.0005084   0.0019139   0.0040157   0.0062095   0.0080956   0.0095475   0.0105914
   4.0437389   0.0000000   0.0000002   0.0000913   0.0008430   0.0025964   0.0048936   0.0071216   0.0089502   0.0103094   0.0112567
   4.0724179   0.0000000   0.0000015   0.0002131   0.0013890   0.0035607   0.0060281   0.0082265   0.0099353   0.0111542   0.0119727
   4.1010969   0.0000000   0.0000080   0.0004661   0.0022269   0.0048462   0.0074247   0.0095157   0.0110396   0.0120720   0.0127316
   4.1297759   0.0000000   0.0000364   0.0009560   0.0034533   0.0064882   0.0090803   0.0109738   0.0122470   0.0130500   0.0135241
   4.1584549   0.0000000   0.0001411   0.0018406   0.0051715   0.0085112   0.0109808   0.0125778   0.0135374   0.0140729   0.0143395
   4.1871339   0.0000000   0.0004664   0.0033321   0.0074774   0.0109206   0.0130994   0.0142976   0.0148865   0.0151235   0.0151661
   4.2158129   0.0000009   0.0013217   0.0056799   0.0104395   0.0136955   0.0153943   0.0160959   0.0162667   0.0161827   0.0159914
   4.2444919   0.0000267   0.0032310   0.0091304   0.0140758   0.0167827   0.0178093   0.0179291   0.0176475   0.0172306   0.0168024
   4.2731709   0.0004145   0.0068754   0.0138602   0.0183318   0.0200937   0.0202743   0.0197487   0.0189971   0.0182467   0.0175862
   4.3018499   0.0033355   0.0128916   0.0198929   0.0230647   0.0235060   0.0227078   0.0215032   0.0202831   0.0192107   0.0183303
   4.3305289   0.0139387   0.0216036   0.0270210   0.0280389   0.0268680   0.0250212   0.0231398   0.0214737   0.0201034   0.0190228
   4.3592079   0.0308277   0.0327984   0.0347625   0.0329384   0.0300100   0.0271236   0.0246079   0.0225394   0.0209071   0.0196529
   4.3878869   0.0411188   0.0455356   0.0423791   0.0373962   0.0327580   0.0289280   0.0258608   0.0234539   0.0216064   0.0202114
   4.4165659   0.0542753   0.0579957   0.0489742   0.0410392   0.0349500   0.0303575   0.0268587   0.0241953   0.0221888   0.0206908
   4.4452449   0.0886258   0.0676650   0.0536577   0.0435406   0.0364533   0.0313510   0.0275711   0.0247474   0.0226451   0.0210856
   4.4739239   0.1053678   0.0721645   0.0557423   0.0446705   0.0371780   0.0318682   0.0279785   0.0251001   0.0229698   0.0213926
   4.5026029   0.0813804   0.0703494   0.0549108   0.0443345   0.0370879   0.0318927   0.0280738   0.0252506   0.0231614   0.0216106
   4.5312819   0.0646915   0.0627829   0.0513034   0.0425900   0.0362038   0.0314337   0.0278627   0.0252027   0.0232224   0.0217410
   4.5599609   0.0605383   0.0512862   0.0454921   0.0396371   0.0346012   0.0305251   0.0273638   0.0249672   0.0231590   0.0217874
   4.5886399   0.0387804   0.0381712   0.0383498   0.0357856   0.0324012   0.0292233   0.0266073   0.0245617   0.0229812   0.0217553
   4.6173189   0.0134653   0.0256992   0.0308550   0.0314044   0.0297572   0.0276026   0.0256337   0.0240091   0.0227023   0.0216523
   4.6459979   0.0024365   0.0156897   0.0238861   0.0268658   0.0268388   0.0257502   0.0244913   0.0233370   0.0223382   0.0214875
   4.6746769   0.0002365   0.0091463   0.0180620   0.0224942   0.0238160   0.0237605   0.0232340   0.0225764   0.0219068   0.0212713
   4.7033559   0.0001485   0.0060897   0.0136639   0.0185314   0.0208454   0.0217288   0.0219182   0.0217604   0.0214273   0.0210150
   4.7320349   0.0012205   0.0057287   0.0106473   0.0151214   0.0180606   0.0197463   0.0206000   0.0209224   0.0209197   0.0207305
   4.7607139   0.0056128   0.0068144   0.0087299   0.0123172   0.0155672   0.0178954   0.0193328   0.0200951   0.0204037   0.0204295
   4.7893929   0.0133712   0.0080216   0.0075207   0.0101033   0.0134419   0.0162466   0.0181645   0.0193089   0.0198980   0.0201239
   4.8180719   0.0164970   0.0083471   0.0066487   0.0084269   0.0117352   0.0148559   0.0171362   0.0185906   0.0194198   0.0198245
   4.8467509   0.0105409   0.0074409   0.0058578   0.0072296   0.0104760   0.0137635   0.0162799   0.0179628   0.0189843   0.0195415
   4.8754299   0.0034881   0.0056400   0.0050494   0.0064723   0.0096761   0.0129935   0.0156183   0.0174430   0.0186040   0.0192836
   4.9041089   0.0005978   0.0036299   0.0042762   0.0061473   0.0093334   0.0125542   0.0151637   0.0170431   0.0182885   0.0190583
   4.9327879   0.0000531   0.0019906   0.0037066   0.0062776   0.0094338   0.0124391   0.0149188   0.0167692   0.0180443   0.0188715
   4.9614669   0.0000024   0.0009674   0.0035793   0.0069032   0.0099504   0.0126276   0.0148768   0.0166219   0.0178751   0.0187273
   4.9901459   0.0000001   0.0005678   0.0041594   0.0080585   0.0108424   0.0130872   0.0150225   0.0165967   0.0177812   0.0186285
   5.0188249   0.0000000   0.0008452   0.0056919   0.0097470   0.0120528   0.0137753   0.0153339   0.0166844   0.0177603   0.0185762
   5.0475039   0.0000004   0.0021818   0.0083395   0.0119178   0.0135085   0.0146419   0.0157833   0.0168720   0.0178079   0.0185701
   5.0761829   0.0000176   0.0054050   0.0121022   0.0144529   0.0151216   0.0156320   0.0163394   0.0171434   0.0179173   0.0186090
   5.1048619   0.0003628   0.0115055   0.0167396   0.0171692   0.0167946   0.0166891   0.0169690   0.0174810   0.0180803   0.0186903
   5.1335409   0.0038787   0.0208036   0.0217391   0.0198365   0.0184280   0.0177579   0.0176388   0.0178657   0.0182882   0.0188113
   5.1622199   0.0214746   0.0319205   0.0263757   0.0222124   0.0199288   0.0187882   0.0183166   0.0182788   0.0185315   0.0189685
   5.1908989   0.0615744   0.0415736   0.0298758   0.0240839   0.0212206   0.0197366   0.0189736   0.0187026   0.0188013   0.0191587
   5.2195779   0.0914353   0.0460134   0.0316428   0.0253092   0.0222514   0.0205690   0.0195846   0.0191210   0.0190892   0.0193786
   5.2482569   0.0703185   0.0434280   0.0314565   0.0258466   0.0229974   0.0212617   0.0201293   0.0195207   0.0193881   0.0196254
   5.2769359   0.0280154   0.0353078   0.0295596   0.0257631   0.0234641   0.0218011   0.0205931   0.0198912   0.0196925   0.0198973
   5.3056149   0.0059228   0.0254401   0.0265874   0.0252185   0.0236810   0.0221834   0.0209668   0.0202258   0.0199990   0.0201930
   5.3342939   0.0018719   0.0174236   0.0233746   0.0244283   0.0236941   0.0224127   0.0212469   0.0205216   0.0203060   0.0205123
   5.3629729   0.0056229   0.0128570   0.0207198   0.0236150   0.0235549   0.0224996   0.0214358   0.0207794   0.0206146   0.0208561
   5.3916519   0.0128927   0.0114084   0.0191912   0.0229578   0.0233111   0.0224589   0.0215409   0.0210042   0.0209276   0.0212262
   5.4203309   0.0154069   0.0121728   0.0190206   0.0225555   0.0229975   0.0223082   0.0215747   0.0212045   0.0212505   0.0216257
   5.4490099   0.0096784   0.0148389   0.0200854   0.0224094   0.0226326   0.0220673   0.0215543   0.0213924   0.0215903   0.0220580
   5.4776889   0.0049186   0.0196331   0.0219590   0.0224298   0.0222188   0.0217579   0.0215008   0.0215829   0.0219558   0.0225278
   5.5063679   0.0125057   0.0262052   0.0240145   0.0224649   0.0217477   0.0214042   0.0214393   0.0217935   0.0223571   0.0230399
   5.5350469   0.0400115   0.0326987   0.0255703   0.0223424   0.0212083   0.0210340   0.0213980   0.0220433   0.0228048   0.0235993
   5.5637259   0.0689487   0.0362491   0.0260618   0.0219153   0.0205973   0.0206803   0.0214075   0.0223526   0.0233100   0.0242113
   5.5924049   0.0615964   0.0348055   0.0251925   0.0210997   0.0199286   0.0203817   0.0215004   0.0227418   0.0238833   0.0248803
   5.6210839   0.0284994   0.0286819   0.0230117   0.0198982   0.0192404   0.0201835   0.0217097   0.0232303   0.0245347   0.0256105
   5.6497629   0.0068304   0.0203650   0.0198829   0.0184052   0.0185984   0.0201361   0.0220677   0.0238358   0.0252723   0.0264051
   5.6784419   0.0008770   0.0128110   0.0163539   0.0167943   0.0180940   0.0202938   0.0226043   0.0245732   0.0261028   0.0272659
   5.7071209   0.0003790   0.0077851   0.0129898   0.0152956   0.0178384   0.0207108   0.0233451   0.0254539   0.0270301   0.0281936
   5.7357999   0.0018451   0.0053916   0.0102426   0.0141662   0.0179517   0.0214377   0.0243101   0.0264845   0.0280555   0.0291873
   5.7644789   0.0054219   0.0046749   0.0084084   0.0136626   0.0185507   0.0225158   0.0255110   0.0276666   0.0291774   0.0302445
   5.7931579   0.0082592   0.0045272   0.0076715   0.0140158   0.0197341   0.0239725   0.0269504   0.0289961   0.0303910   0.0313611
   5.8218369   0.0065159   0.0043487   0.0081886   0.0154090   0.0215687   0.0258168   0.0286201   0.0304632   0.0316884   0.0325313
   5.8505159   0.0026623   0.0043279   0.0101544   0.0179586   0.0240780   0.0280355   0.0305010   0.0320520   0.0330589   0.0337479
   5.8791949   0.0005659   0.0054064   0.0138006   0.0216949   0.0272339   0.0305917   0.0325625   0.0337418   0.0344892   0.0350027
   5.9078739   0.0001363   0.0089914   0.0193197   0.0265454   0.0309533   0.0334248   0.0347641   0.0355069   0.0359637   0.0362860
   5.9365529   0.0011353   0.0163945   0.0267429   0.0323230   0.0351013   0.0364533   0.0370566   0.0373181   0.0374654   0.0375877
   5.9652319   0.0089015   0.0280703   0.0358213   0.0387273   0.0394989   0.0395789   0.0393845   0.0391441   0.0389766   0.0388972
   5.9939109   0.0362878   0.0430952   0.0459622   0.0453621   0.0439375   0.0426930   0.0416893   0.0409525   0.0404790   0.0402038
   6.0225899   0.0771466   0.0594591   0.0562553   0.0517726   0.0481973   0.0456840   0.0439120   0.0427120   0.0419552   0.0414969
   6.0512689   0.0897836   0.0750014   0.0655944   0.0574997   0.0520669   0.0484455   0.0459976   0.0443932   0.0433889   0.0427668
   6.0799479   0.0778681   0.0879166   0.0728805   0.0621426   0.0553634   0.0508837   0.0478975   0.0459707   0.0447657   0.0440044
   6.1086269   0.0980951   0.0962784   0.0772649   0.0654175   0.0579489   0.0529243   0.0495732   0.0474242   0.0460739   0.0452019
   6.1373059   0.1400631   0.0977387   0.0783724   0.0671976   0.0597418   0.0545176   0.0509984   0.0487395   0.0473043   0.0463527
   6.1659849   0.1395769   0.0908284   0.0764281   0.0675260   0.0607207   0.0556417   0.0521604   0.0499090   0.0484511   0.0474516
   6.1946639   0.0856127   0.0770936   0.0722209   0.0665953   0.0609227   0.0563034   0.0530613   0.0509320   0.0495115   0.0484950
   6.2233429   0.0305695   0.0614951   0.0668901   0.0647002   0.0604343   0.0565374   0.0537172   0.0518147   0.0504859   0.0494805
   6.2520219   0.0086988   0.0498858   0.0615910   0.0621750   0.0593798   0.0564030   0.0541575   0.0525693   0.0513773   0.0504075
   6.2807009   0.0166311   0.0454499   0.0571654   0.0593324   0.0579074   0.0559800   0.0544224   0.0532132   0.0521912   0.0512762
   6.3093799   0.0481807   0.0471167   0.0539459   0.0564192   0.0561772   0.0553630   0.0545603   0.0537673   0.0529348   0.0520880
   6.3380589   0.0769932   0.0510643   0.0517608   0.0535991   0.0543512   0.0546553   0.0546246   0.0542547   0.0536162   0.0528452
   6.3667379   0.0699848   0.0537003   0.0501127   0.0509652   0.0525873   0.0539627   0.0546694   0.0546991   0.0542443   0.0535508
   6.3954169   0.0491192   0.0535594   0.0484339   0.0485738   0.0510348   0.0533864   0.0547462   0.0551224   0.0548273   0.0542079
   6.4240959   0.0464298   0.0510289   0.0463116   0.0464884   0.0498325   0.0530174   0.0549000   0.0555436   0.0553729   0.0548203
   6.4527749   0.0533830   0.0469739   0.0436242   0.0448170   0.0491049   0.0529299   0.0551660   0.0559775   0.0558872   0.0553915
   6.4814539   0.0494752   0.0418994   0.0405855   0.0437305   0.0489572   0.0531767   0.0555668   0.0564330   0.0563746   0.0559253
   6.5101329   0.0340064   0.0360788   0.0377242   0.0434532   0.0494665   0.0537839   0.0561106   0.0569128   0.0568379   0.0564256
   6.5388119   0.0266725   0.0299840   0.0358193   0.0442250   0.0506715   0.0547485   0.0567901   0.0574134   0.0572777   0.0568964
   6.5674909   0.0255654   0.0245630   0.0357820   0.0462428   0.0525608   0.0560367   0.0575829   0.0579254   0.0576935   0.0573421
   6.5961699   0.0165895   0.0215109   0.0384629   0.0495927   0.0550644   0.0575841   0.0584527   0.0584339   0.0580836   0.0577675
   6.6248489   0.0058843   0.0234939   0.0443858   0.0541941   0.0580489   0.0592988   0.0593515   0.0589208   0.0584461   0.0581784
   6.6535279   0.0022391   0.0336471   0.0534677   0.0597696   0.0613206   0.0610671   0.0602237   0.0593659   0.0587796   0.0585815
   6.6822069   0.0099282   0.0537153   0.0648443   0.0658563   0.0646372   0.0627605   0.0610099   0.0597492   0.0590839   0.0589852
   6.7108859   0.0469845   0.0814338   0.0769271   0.0718579   0.0677270   0.0642455   0.0616518   0.0600535   0.0593614   0.0593994
   6.7395649   0.1327008   0.1093779   0.0877462   0.0771302   0.0703139   0.0653947   0.0620979   0.0602662   0.0596176   0.0598362
   6.7682439   0.2235852   0.1275867   0.0954917   0.0810802   0.0721457   0.0660975   0.0623079   0.0603821   0.0598623   0.0603097
   6.7969229   0.2218448   0.1294338   0.0990411   0.0832553   0.0730202   0.0662706   0.0622578   0.0604048   0.0601096   0.0608364
   6.8256019   0.1266303   0.1164219   0.0982298   0.0834021   0.0728072   0.0658675   0.0619433   0.0603481   0.0603789   0.0614351
   6.8542809   0.0419735   0.0973302   0.0937438   0.0814853   0.0714625   0.0648845   0.0613826   0.0602373   0.0606948   0.0621266
   6.8829599   0.0186879   0.0818438   0.0867081   0.0776677   0.0690337   0.0633641   0.0606178   0.0601088   0.0610867   0.0629337
   6.9116389   0.0490249   0.0739400   0.0782066   0.0722636   0.0656571   0.0613959   0.0597139   0.0600100   0.0615886   0.0638804
   6.9403179   0.1051485   0.0704261   0.0689756   0.0656843   0.0615474   0.0591125   0.0587578   0.0599980   0.0622380   0.0649919
   6.9689969   0.1183915   0.0651437   0.0593850   0.0583890   0.0569825   0.0566838   0.0578540   0.0601371   0.0630751   0.0662933
   6.9976759   0.0690589   0.0545122   0.0496329   0.0508509   0.0522850   0.0543076   0.0571205   0.0604970   0.0641411   0.0678094
   7.0263549   0.0208623   0.0397401   0.0399775   0.0435386   0.0478030   0.0521991   0.0566827   0.0611494   0.0654766   0.0695636
   7.0550339   0.0032640   0.0248339   0.0308542   0.0369081   0.0438903   0.0505784   0.0566671   0.0621647   0.0671203   0.0715772
   7.0837129   0.0002645   0.0132205   0.0228377   0.0313982   0.0408882   0.0496576   0.0571941   0.0636086   0.0691071   0.0738685
   7.1123919   0.0000111   0.0059966   0.0165209   0.0274235   0.0391075   0.0496290   0.0583719   0.0655389   0.0714664   0.0764520
   7.1410709   0.0000002   0.0023878   0.0124126   0.0253624   0.0388124   0.0506532   0.0602902   0.0680020   0.0742206   0.0793379
   7.1697499   0.0000000   0.0011191   0.0109135   0.0255380   0.0402052   0.0528500   0.0630148   0.0710309   0.0773840   0.0825314
   7.1984289   0.0000000   0.0014622   0.0123572   0.0281950   0.0434133   0.0562908   0.0665840   0.0746427   0.0809617   0.0860324
   7.2271079   0.0000017   0.0036736   0.0170516   0.0334728   0.0484794   0.0609940   0.0710057   0.0788372   0.0849493   0.0898354
   7.2557869   0.0000554   0.0089966   0.0252614   0.0413799   0.0553552   0.0669241   0.0762571   0.0835969   0.0893323   0.0939293
   7.2844659   0.0009342   0.0192495   0.0371115   0.0517722   0.0639014   0.0739928   0.0822847   0.0888868   0.0940865   0.0982978
   7.3131449   0.0081695   0.0359205   0.0524502   0.0643431   0.0738938   0.0820650   0.0890075   0.0946555   0.0991788   0.1029198
   7.3418239   0.0372838   0.0590877   0.0707388   0.0786297   0.0850365   0.0909656   0.0963199   0.1008376   0.1045681   0.1077701
   7.3705029   0.0908822   0.0869235   0.0910337   0.0940396   0.0969818   0.1004901   0.1040968   0.1073554   0.1102066   0.1128204
   7.3991819   0.1302839   0.1162377   0.1120865   0.1098992   0.1093550   0.1104157   0.1121996   0.1141228   0.1160419   0.1180398
   7.4278609   0.1479670   0.1436134   0.1325361   0.1255181   0.1217814   0.1205132   0.1204815   0.1210478   0.1220187   0.1233965
   7.4565399   0.1823803   0.1663862   0.1511272   0.1402632   0.1339137   0.1305582   0.1287944   0.1280370   0.1280808   0.1288589
   7.4852189   0.2128881   0.1832848   0.1668864   0.1536283   0.1454542   0.1403410   0.1369947   0.1349990   0.1341735   0.1343967
   7.5138979   0.2104856   0.1947516   0.1792224   0.1652903   0.1561699   0.1496748   0.1449487   0.1418476   0.1402459   0.1399822
   7.5425769   0.1899427   0.2023823   0.1879634   0.1751373   0.1658991   0.1584008   0.1525378   0.1485061   0.1462525   0.1455917
   7.5712559   0.1881978   0.2071677   0.1933755   0.1832625   0.1745468   0.1663917   0.1596626   0.1549095   0.1521559   0.1512064
   7.5999349   0.2264239   0.2079833   0.1961812   0.1899202   0.1820732   0.1735534   0.1662462   0.1610075   0.1579275   0.1568138
   7.6286139   0.2591385   0.2026688   0.1975374   0.1954485   0.1884752   0.1798241   0.1722368   0.1667667   0.1635497   0.1624080
   7.6572929   0.2330568   0.1917480   0.1988832   0.2001712   0.1937683   0.1851748   0.1776092   0.1721717   0.1690163   0.1679909
   7.6859719   0.1480519   0.1812034   0.2015940   0.2043006   0.1979720   0.1896075   0.1823659   0.1772259   0.1743338   0.1735722
   7.7146509   0.0829394   0.1803463   0.2064911   0.2078663   0.2011028   0.1931560   0.1865368   0.1819519   0.1795209   0.1791700
   7.7433299   0.1088363   0.1952075   0.2133961   0.2106936   0.2031780   0.1958859   0.1901789   0.1863910   0.1846089   0.1848105
   7.7720089   0.2123938   0.2228120   0.2209774   0.2124467   0.2042298   0.1978952   0.1933742   0.1906020   0.1896410   0.1905278
   7.8006879   0.3243676   0.2517374   0.2270397   0.2127315   0.2043261   0.1993147   0.1962281   0.1946595   0.1946713   0.1963638
   7.8293669   0.3731469   0.2689701   0.2292080   0.2112389   0.2035935   0.2003078   0.1988654   0.1986520   0.1997642   0.2023671
   7.8580459   0.3244831   0.2674509   0.2257575   0.2078889   0.2022352   0.2010668   0.2014270   0.2026794   0.2049921   0.2085923
   7.8867249   0.2386398   0.2484172   0.2162766   0.2029366   0.2005390   0.2018086   0.2040653   0.2068499   0.2104348   0.2150992
   7.9154039   0.2053900   0.2179303   0.2019344   0.1970025   0.1988698   0.2027659   0.2069386   0.2112778   0.2161771   0.2219515
   7.9440829   0.2025773   0.1822736   0.1852897   0.1910149   0.1976468   0.2041772   0.2102067   0.2160799   0.2223072   0.2292157
   7.9727619   0.1593304   0.1467265   0.1697201   0.1860704   0.1973069   0.2062741   0.2140251   0.2213732   0.2289152   0.2369596
   8.0014409   0.0884424   0.1174030   0.1586300   0.1832471   0.1982607   0.2092692   0.2185406   0.2272722   0.2360907   0.2452515
   8.0301199   0.0340837   0.1022561   0.1546257   0.1834164   0.2008487   0.2133443   0.2238874   0.2338867   0.2439219   0.2541582
   8.0587989   0.0178522   0.1084981   0.1588742   0.1870972   0.2053053   0.2186422   0.2301846   0.2413201   0.2524934   0.2637440
   8.0874779   0.0535252   0.1375561   0.1708532   0.1943889   0.2117372   0.2252623   0.2375341   0.2496677   0.2618851   0.2740696
   8.1161569   0.1584335   0.1815773   0.1886192   0.2049903   0.2201206   0.2332605   0.2460214   0.2590161   0.2721706   0.2851903
   8.1448359   0.3094395   0.2255299   0.2095289   0.2182919   0.2303173   0.2426552   0.2557159   0.2694423   0.2834164   0.2971550
   8.1735149   0.4023951   0.2554299   0.2311300   0.2335111   0.2421070   0.2534363   0.2666737   0.2810134   0.2956803   0.3100049
   8.2021939   0.3312993   0.2675484   0.2518300   0.2498338   0.2552314   0.2655782   0.2789397   0.2937865   0.3090105   0.3237726
   8.2308729   0.1904376   0.2707161   0.2710523   0.2665343   0.2694418   0.2790535   0.2925513   0.3078083   0.3234448   0.3384807
   8.2595519   0.1601873   0.2787506   0.2888795   0.2830614   0.2845449   0.2938456   0.3075400   0.3231153   0.3390094   0.3541407
   8.2882309   0.2494991   0.2991832   0.3054767   0.2990911   0.3004399   0.3099589   0.3239341   0.3397329   0.3557180   0.3707523
   8.3169099   0.3733261   0.3280435   0.3206947   0.3145577   0.3171411   0.3274240   0.3417583   0.3576748   0.3735707   0.3883024
   8.3455889   0.4371157   0.3542702   0.3341069   0.3296704   0.3347834   0.3462979   0.3610335   0.3769424   0.3925531   0.4067642
   8.3742679   0.4125232   0.3685005   0.3454370   0.3449160   0.3536092   0.3666580   0.3817741   0.3975225   0.4126352   0.4260966
   8.4029468   0.3876424   0.3688202   0.3550967   0.3610371   0.3739375   0.3885915   0.4039849   0.4193867   0.4337704   0.4462437
   8.4316258   0.3748608   0.3607534   0.3645075   0.3789700   0.3961179   0.4121806   0.4276562   0.4424886   0.4558943   0.4671346
   8.4603048   0.3139036   0.3534536   0.3760292   0.3997321   0.4204762   0.4374863   0.4527592   0.4667620   0.4789244   0.4886828
   8.4889838   0.2740476   0.3550597   0.3925257   0.4242631   0.4472583   0.4645330   0.4792407   0.4921192   0.5027589   0.5107866
   8.5176628   0.3378481   0.3697469   0.4167291   0.4532413   0.4765818   0.4932949   0.5070186   0.5184487   0.5272765   0.5333294
   8.5463418   0.4186468   0.3984132   0.4505734   0.4869125   0.5084036   0.5236881   0.5359782   0.5456140   0.5523362   0.5561804
   8.5750208   0.4267475   0.4421936   0.4946132   0.5249787   0.5425097   0.5555665   0.5659695   0.5734520   0.5777778   0.5791953
   8.6036998   0.4095664   0.5042841   0.5476218   0.5665840   0.5785312   0.5887245   0.5968055   0.6017731   0.6034225   0.6022179
   8.6323788   0.4697598   0.5864065   0.6064956   0.6104210   0.6159832   0.6229032   0.6282621   0.6303612   0.6290741   0.6250818
   8.6610578   0.6583985   0.6825637   0.6666261   0.6549453   0.6543205   0.6578000   0.6600788   0.6589746   0.6545214   0.6476122
   8.6897368   0.8797240   0.7770716   0.7228274   0.6986608   0.6929995   0.6930783   0.6919601   0.6873482   0.6795402   0.6696286
   8.7184158   0.9979517   0.8502059   0.7706918   0.7404051   0.7315316   0.7283761   0.7235783   0.7151965   0.7038968   0.6909474
   8.7470948   0.9962972   0.8874957   0.8079727   0.7795632   0.7695188   0.7633109   0.7545766   0.7422175   0.7273519   0.7113851
   8.7757738   0.9696488   0.8865500   0.8354325   0.8161477   0.8066599   0.7974810   0.7845733   0.7680979   0.7496650   0.7307614
   8.8044528   0.9240074   0.8592238   0.8566970   0.8507182   0.8427265   0.8304623   0.8131667   0.7925194   0.7705990   0.7489029
   8.8331318   0.7962272   0.8294807   0.8770337   0.8841581   0.8775122   0.8618034   0.8399418   0.8151657   0.7899261   0.7656466
   8.8618108   0.6186658   0.8254597   0.9014872   0.9173632   0.9107647   0.8910200   0.8644787   0.8357305   0.8074329   0.7808432
   8.8904898   0.5613418   0.8650861   0.9331531   0.9509212   0.9421159   0.9175934   0.8863628   0.8539266   0.8229262   0.7943608
   8.9191688   0.8569726   0.9428047   0.9723448   0.9848536   0.9710262   0.9409750   0.9051976   0.8694952   0.8362389   0.8060880
   8.9478478   1.2803294   1.0308172   1.0169311   1.0184690   0.9967570   0.9605992   0.9206193   0.8822148   0.8472346   0.8159367
   8.9765268   1.3635580   1.0986570   1.0634737   1.0503483   1.0183828   0.9759074   0.9323133   0.8919107   0.8558125   0.8238442
   9.0052058   1.1970066   1.1361990   1.1083606   1.0784494   1.0348462   0.9863812   0.9400316   0.8984630   0.8619113   0.8297756
   9.0338848   1.0275934   1.1592467   1.1482425   1.1003123   1.0450535   0.9915839   0.9436099   0.9018139   0.8655119   0.8337242
   9.0625638   0.9672804   1.1924649   1.1796634   1.1133411   1.0479997   0.9912049   0.9429830   0.9019722   0.8666387   0.8357123
   9.0912428   1.1469708   1.2451054   1.1984435   1.1151388   1.0429085   0.9851039   0.9381970   0.8990166   0.8653602   0.8357908
   9.1199218   1.4328788   1.3000301   1.1996175   1.1038695   1.0293663   0.9733479   0.9294167   0.8930955   0.8617877   0.8340381
   9.1486008   1.5909357   1.3235839   1.1783892   1.0786053   1.0074299   0.9562346   0.9169271   0.8844243   0.8560722   0.8305581
   9.1772798   1.5450137   1.2869419   1.1318534   1.0395998   0.9776907   0.9342993   0.9011278   0.8732797   0.8484011   0.8254778
   9.2059588   1.3380268   1.1829431   1.0606632   0.9884237   0.9412805   0.9083022   0.8825199   0.8599905   0.8389921   0.8189439
   9.2346378   1.0586241   1.0287729   0.9697540   0.9279115   0.8998150   0.8791935   0.8616868   0.8449269   0.8280872   0.8111191
   9.2633168   0.7673946   0.8559140   0.8676898   0.8619026   0.8552772   0.8480616   0.8392679   0.8284867   0.8159455   0.8021783
   9.2919958   0.5500273   0.6955880   0.7648619   0.7948094   0.8098540   0.8160657   0.8159293   0.8110809   0.8028351   0.7923040
   9.3206748   0.4427052   0.5681287   0.6712504   0.7310868   0.7657453   0.7843610   0.7923311   0.7931184   0.7890257   0.7816816
   9.3493538   0.4141162   0.4806685   0.5945380   0.6747014   0.7249691   0.7540231   0.7690960   0.7749912   0.7747807   0.7704959
   9.3780328   0.3973751   0.4316737   0.5390976   0.6286942   0.6891876   0.7259784   0.7467800   0.7570604   0.7603496   0.7589260
   9.4067118   0.3216400   0.4163702   0.5059666   0.5949014   0.6595743   0.7009491   0.7258478   0.7396451   0.7459626   0.7471422
   9.4353908   0.3135746   0.4280503   0.4935802   0.5738558   0.6367394   0.6794159   0.7066550   0.7230128   0.7318247   0.7353026
   9.4640698   0.4710712   0.4565826   0.4988412   0.5648542   0.6207164   0.6616030   0.6894386   0.7073735   0.7181118   0.7235501
   9.4927488   0.5777193   0.4900023   0.5180600   0.5661544   0.6110120   0.6474844   0.6743150   0.6928771   0.7049686   0.7120107
   9.5214278   0.5638240   0.5215266   0.5474115   0.5752590   0.6067061   0.6368110   0.6612867   0.6796143   0.6925074   0.7007920
   9.5501068   0.5640771   0.5561616   0.5828171   0.5892524   0.6065868   0.6291536   0.6502556   0.6676196   0.6808079   0.6899824
   9.5787858   0.4743715   0.6075505   0.6195431   0.6051608   0.6093020   0.6239567   0.6410423   0.6568783   0.6699196   0.6796513
   9.6074648   0.4032371   0.6823466   0.6520983   0.6203055   0.6135048   0.6205971   0.6334091   0.6473343   0.6598638   0.6698491
   9.6361438   0.7206171   0.7633171   0.6749635   0.6326086   0.6179782   0.6184418   0.6270847   0.6388999   0.6506370   0.6606087
   9.6648228   1.2632128   0.8107209   0.6841818   0.6407958   0.6217238   0.6168994   0.6217878   0.6314657   0.6422153   0.6519470
   9.6935018   1.3257141   0.7891821   0.6791217   0.6444492   0.6240118   0.6154624   0.6172497   0.6249103   0.6345583   0.6438662
   9.7221808   0.7846503   0.7000102   0.6632927   0.6438841   0.6243917   0.6137368   0.6132317   0.6191095   0.6276133   0.6363561
   9.7508598   0.2687964   0.5876652   0.6433785   0.6398750   0.6226741   0.6114595   0.6095384   0.6139432   0.6213194   0.6293963
   9.7795388   0.1187718   0.5117860   0.6265958   0.6333114   0.6188948   0.6085025   0.6060250   0.6093018   0.6156111   0.6229577
   9.8082178   0.2549803   0.5084953   0.6175296   0.6248927   0.6132740   0.6048658   0.6025995   0.6050889   0.6104215   0.6170052
   9.8368968   0.5197365   0.5708924   0.6160453   0.6149746   0.6061786   0.6006608   0.5992185   0.6012238   0.6056844   0.6114994
   9.8655758   0.7669330   0.6578363   0.6173887   0.6036219   0.5980937   0.5960854   0.5958799   0.5976408   0.6013363   0.6063980
   9.8942548   0.9792197   0.7194235   0.6144682   0.5908487   0.5895961   0.5913936   0.5926116   0.5942879   0.5973179   0.6016577
   9.9229338   1.0485186   0.7225078   0.6012263   0.5769454   0.5813264   0.5868611   0.5894579   0.5911241   0.5935742   0.5972353
   9.9516128   0.7837457   0.6639201   0.5755705   0.5627502   0.5739468   0.5827506   0.5864666   0.5881160   0.5900554   0.5930886
   9.9802918   0.4273032   0.5660505   0.5406756   0.5497299   0.5680820   0.5792776   0.5836760   0.5852351   0.5867164   0.5891778
  10.0089708   0.3401542   0.4601628   0.5042760   0.5397989   0.5642417   0.5765819   0.5811051   0.5824545   0.5835171   0.5854656
  10.0376498   0.3779258   0.3720377   0.4763488   0.5348990   0.5627369   0.5747067   0.5787467   0.5797468   0.5804219   0.5819180
  10.0663288   0.2736174   0.3202447   0.4660287   0.5364510   0.5636037   0.5735885   0.5765649   0.5770833   0.5773994   0.5785046
  10.0950078   0.1205393   0.3213239   0.4786819   0.5448458   0.5665565   0.5730593   0.5744969   0.5744336   0.5744225   0.5751989
  10.1236868   0.0886812   0.3877817   0.5139518   0.5591446   0.5709877   0.5728625   0.5724587   0.5717667   0.5714684   0.5719784
  10.1523658   0.2681252   0.5154027   0.5653731   0.5770974   0.5760219   0.5726820   0.5703543   0.5690525   0.5685184   0.5688247
  10.1810448   0.7231277   0.6730654   0.6217938   0.5955024   0.5806240   0.5721791   0.5680867   0.5662643   0.5655581   0.5657236
  10.2097238   1.1955291   0.8102830   0.6703145   0.6108223   0.5837457   0.5710363   0.5655700   0.5633810   0.5625777   0.5626651
  10.2384028   1.2516413   0.8814297   0.6998652   0.6199038   0.5844862   0.5689991   0.5627404   0.5603896   0.5595722   0.5596434
  10.2670818   1.0206596   0.8687392   0.7042001   0.6206153   0.5822377   0.5659122   0.5595654   0.5572864   0.5565411   0.5566565
  10.2957608   0.8461438   0.7873588   0.6832564   0.6122517   0.5767893   0.5617432   0.5560485   0.5540782   0.5534885   0.5537069
  10.3244398   0.6292206   0.6722858   0.6424855   0.5956231   0.5683686   0.5565912   0.5522310   0.5507821   0.5504231   0.5508009
  10.3531188   0.4122077   0.5596557   0.5906096   0.5728357   0.5576153   0.5506775   0.5481878   0.5474244   0.5473576   0.5479485
  10.3817978   0.3577299   0.4734942   0.5368430   0.5468486   0.5454906   0.5443200   0.5440204   0.5440383   0.5443085   0.5451641
  10.4104768   0.3426274   0.4211999   0.4886821   0.5209285   0.5331386   0.5378954   0.5398452   0.5406616   0.5412952   0.5424657
  10.4391558   0.3517958   0.3961328   0.4509191   0.4981276   0.5217261   0.5317917   0.5357813   0.5373335   0.5383404   0.5398753
  10.4678348   0.4309699   0.3846945   0.4258661   0.4808703   0.5122822   0.5263605   0.5319370   0.5340913   0.5354688   0.5374190
  10.4965138   0.4388781   0.3752829   0.4142233   0.4706925   0.5055658   0.5218737   0.5283974   0.5309688   0.5327079   0.5351271
  10.5251928   0.3729072   0.3659414   0.4158517   0.4681358   0.5019752   0.5184897   0.5252159   0.5279938   0.5300874   0.5330343
  10.5538718   0.3223448   0.3667577   0.4299634   0.4727744   0.5015105   0.5162358   0.5224088   0.5251883   0.5276402   0.5311797
  10.5825508   0.2441110   0.3937562   0.4547515   0.4833468   0.5037898   0.5150063   0.5199555   0.5225689   0.5254026   0.5296071
  10.6112298   0.2148967   0.4553146   0.4869384   0.4979659   0.5081124   0.5145770   0.5178029   0.5201494   0.5234155   0.5283654
  10.6399088   0.4690659   0.5398043   0.5218260   0.5143825   0.5135572   0.5146355   0.5158750   0.5179438   0.5217256   0.5275081
  10.6685878   0.9097758   0.6171866   0.5541056   0.5302719   0.5191022   0.5148206   0.5140863   0.5159711   0.5203865   0.5270940
  10.6972668   1.0031918   0.6580729   0.5791419   0.5435093   0.5237472   0.5147683   0.5123566   0.5142597   0.5194597   0.5271862
  10.7259458   0.7005963   0.6555296   0.5940726   0.5523983   0.5266286   0.5141583   0.5106275   0.5128525   0.5190159   0.5278523
  10.7546248   0.4715154   0.6286648   0.5981492   0.5558232   0.5271111   0.5127557   0.5088776   0.5118115   0.5191353   0.5291632
  10.7833038   0.4265385   0.6039275   0.5922362   0.5533158   0.5248512   0.5104438   0.5071349   0.5112210   0.5199077   0.5311924
  10.8119828   0.5313554   0.5923910   0.5779084   0.5450408   0.5198278   0.5072458   0.5054856   0.5111897   0.5214315   0.5340146
  10.8406618   0.7476243   0.5840446   0.5567593   0.5317244   0.5123397   0.5033325   0.5040786   0.5118509   0.5238130   0.5377036
  10.8693408   0.7608005   0.5617602   0.5302630   0.5145469   0.5029747   0.4990174   0.5031240   0.5133608   0.5271632   0.5423308
  10.8980198   0.5239634   0.5189517   0.5000672   0.4950216   0.4925551   0.4947390   0.5028873   0.5158945   0.5315953   0.5479621
  10.9266988   0.3580895   0.4643875   0.4683129   0.4748683   0.4820669   0.4910337   0.5036781   0.5196400   0.5372208   0.5546561
  10.9553778   0.3519117   0.4130774   0.4376486   0.4558848   0.4725813   0.4885014   0.5058353   0.5247910   0.5441443   0.5624603
  10.9840568   0.3640894   0.3751488   0.4109107   0.4398169   0.4651753   0.4877673   0.5097098   0.5315371   0.5524590   0.5714087
  11.0127358   0.3268952   0.3523111   0.3906889   0.4282313   0.4608589   0.4894441   0.5156446   0.5400545   0.5622411   0.5815190
  11.0414148   0.3063651   0.3410341   0.3790143   0.4224033   0.4605142   0.4940950   0.5239550   0.5504951   0.5735439   0.5927888
  11.0700938   0.3392733   0.3372029   0.3772321   0.4232322   0.4648512   0.5022024   0.5349098   0.5629760   0.5863930   0.6051942
  11.0987728   0.3690416   0.3400666   0.3859456   0.4312022   0.4743807   0.5141423   0.5487138   0.5775701   0.6007807   0.6186864
  11.1274518   0.3441306   0.3546926   0.4049113   0.4463982   0.4894048   0.5301653   0.5654931   0.5942973   0.6166627   0.6331909
  11.1561308   0.2560781   0.3896030   0.4329288   0.4685752   0.5100217   0.5503844   0.5852835   0.6131174   0.6339538   0.6486057
  11.1848098   0.2519158   0.4477171   0.4679415   0.4972684   0.5361410   0.5747688   0.6080221   0.6339253   0.6525264   0.6648012
  11.2134888   0.5174486   0.5175039   0.5075513   0.5319133   0.5675024   0.6031439   0.6335438   0.6565481   0.6722098   0.6816206
  11.2421678   0.8617216   0.5764712   0.5498918   0.5719408   0.6036959   0.6351945   0.6615798   0.6807447   0.6927903   0.6988806
  11.2708468   0.8539005   0.6087605   0.5944583   0.6168176   0.6441777   0.6704725   0.6917610   0.7062079   0.7140138   0.7163743
  11.2995258   0.5398862   0.6209650   0.6423519   0.6660173   0.6882814   0.7084063   0.7236247   0.7325692   0.7355892   0.7338734
  11.3282048   0.3557775   0.6387096   0.6956215   0.7189370   0.7352257   0.7483136   0.7566237   0.7594056   0.7571938   0.7511320
  11.3568838   0.5119553   0.6867633   0.7559006   0.7747961   0.7841204   0.7894151   0.7901393   0.7862490   0.7784793   0.7678913
  11.3855628   0.8220096   0.7726895   0.8230135   0.8325661   0.8339736   0.8308511   0.8234961   0.8125976   0.7990796   0.7838843
  11.4142418   0.9126871   0.8861839   0.8943378   0.8909657   0.8837034   0.8717003   0.8559799   0.8379282   0.8186194   0.7988414
  11.4429208   0.8747788   1.0067364   0.9653677   0.9485303   0.9321541   0.9110009   0.8868570   0.8617105   0.8367229   0.8124961
  11.4715998   1.1864567   1.1094566   1.0312897   1.0037276   0.9781189   0.9477754   0.9153951   0.8834219   0.8530237   0.8245911
  11.5002788   1.5571608   1.1719409   1.0888045   1.0550697   1.0203669   0.9810570   0.9408852   0.9025624   0.8671743   0.8348841
  11.5289578   1.3985155   1.1873923   1.1372186   1.1011739   1.0576759   1.0099199   0.9626637   0.9186694   0.8788551   0.8431532
  11.5576368   1.0585187   1.1749836   1.1781455   1.1407517   1.0888693   1.0335107   0.9801347   0.9313317   0.8877831   0.8492027
  11.5863158   0.9400700   1.1723975   1.2138807   1.1725478   1.1128592   1.0510807   0.9927896   0.9402019   0.8937196   0.8528673
  11.6149948   0.9447440   1.2106693   1.2452897   1.1952814   1.1286943   1.0620178   1.0002263   0.9450077   0.8964768   0.8540161
  11.6436738   1.1125210   1.2898513   1.2703958   1.2076513   1.1356132   1.0658752   1.0021638   0.9455595   0.8959224   0.8525560
  11.6723528   1.5824196   1.3756249   1.2845274   1.2084410   1.1330995   1.0623967   0.9984535   0.9417570   0.8919836   0.8484332
  11.7010318   1.9110635   1.4213197   1.2820193   1.1967162   1.1209327   1.0515335   0.9890854   0.9335916   0.8846482   0.8416349
  11.7297108   1.6511491   1.3989941   1.2585897   1.1720601   1.0992282   1.0334532   0.9741895   0.9211459   0.8739647   0.8321892
  11.7583898   1.2190419   1.3146173   1.2131716   1.1347701   1.0684582   1.0085382   0.9540309   0.9045908   0.8600404   0.8201636
  11.7870688   1.0988667   1.1971720   1.1483630   1.0859442   1.0294472   0.9773726   0.9289994   0.8841787   0.8430374   0.8056639
  11.8157478   1.0812734   1.0759025   1.0694597   1.0274241   0.9833391   0.9407181   0.8995946   0.8602344   0.8231679   0.7888305
  11.8444268   0.9299749   0.9663582   0.9827395   0.9616081   0.9315357   0.8994795   0.8664051   0.8331436   0.8006875   0.7698351
  11.8731058   0.8125995   0.8707058   0.8938682   0.8911849   0.8756145   0.8546622   0.8300857   0.8033400   0.7758874   0.7488761
  11.9017848   0.7787099   0.7843345   0.8070049   0.8188575   0.8172317   0.8073241   0.7913313   0.7712906   0.7490865   0.7261740
  11.9304638   0.7516195   0.7021407   0.7246915   0.7471149   0.7580218   0.7585255   0.7508503   0.7374809   0.7206224   0.7019658
  11.9591428   0.6646118   0.6230538   0.6482502   0.6780845   0.6995034   0.7092810   0.7093391   0.7024004   0.6908429   0.6764998
  11.9878218   0.4657284   0.5507935   0.5783364   0.6134638   0.6429988   0.6605156   0.6674585   0.6665285   0.6600969   0.6500302
  12.0165008   0.3447436   0.4890028   0.5154188   0.5545076   0.5895732   0.6130301   0.6258133   0.6303221   0.6287269   0.6228116
  12.0451798   0.4600818   0.4354190   0.4600951   0.5020380   0.5399965   0.5674755   0.5849369   0.5942050   0.5970610   0.5950941
  12.0738588   0.5462693   0.3835749   0.4131981   0.4564521   0.4947289   0.5243405   0.5452800   0.5585594   0.5654074   0.5671189
  12.1025378   0.3645804   0.3322519   0.3756304   0.4177187   0.4539297   0.4839496   0.5072056   0.5237196   0.5340483   0.5391140
  12.1312168   0.1361191   0.2913488   0.3479109   0.3853758   0.4174879   0.4464739   0.4709884   0.4899686   0.5032366   0.5112911
  12.1598958   0.0790578   0.2749332   0.3295715   0.3585536   0.3850727   0.4119499   0.4368185   0.4575362   0.4731925   0.4838427
  12.1885748   0.1959611   0.2872112   0.3187102   0.3360480   0.3561979   0.3803064   0.4048094   0.4266003   0.4441022   0.4569398
  12.2172538   0.3979315   0.3160537   0.3120279   0.3164566   0.3302966   0.3513944   0.3750080   0.3972882   0.4161172   0.4307310
  12.2459328   0.4957160   0.3406052   0.3054705   0.2983696   0.3067963   0.3250182   0.3474063   0.3696815   0.3893551   0.4053414
  12.2746118   0.4140104   0.3449204   0.2952798   0.2805822   0.2851885   0.3009640   0.3219535   0.3438200   0.3639007   0.3808730
  12.3032908   0.3312099   0.3252645   0.2790302   0.2622841   0.2650812   0.2790227   0.2985675   0.3197070   0.3398079   0.3574043
  12.3319698   0.3020892   0.2873449   0.2562441   0.2431782   0.2462300   0.2590063   0.2771441   0.2973151   0.3171030   0.3349922
  12.3606488   0.2455629   0.2395377   0.2283948   0.2234989   0.2285428   0.2407563   0.2575657   0.2765915   0.2957869   0.3136730
  12.3893278   0.1907438   0.1890515   0.1983712   0.2039218   0.2120591   0.2241447   0.2397069   0.2574630   0.2758390   0.2934640
  12.4180068   0.1302965   0.1421548   0.1696447   0.1853869   0.1969080   0.2090678   0.2234382   0.2398407   0.2572202   0.2743656
  12.4466858   0.0567255   0.1052010   0.1454102   0.1688768   0.1832530   0.1954364   0.2086280   0.2236240   0.2398763   0.2563633
  12.4753648   0.0155613   0.0836702   0.1279078   0.1552001   0.1712349   0.1831630   0.1951438   0.2087048   0.2237414   0.2394304
  12.5040438   0.0187463   0.0795222   0.1180507   0.1448253   0.1609214   0.1721505   0.1828519   0.1949699   0.2087410   0.2235294
  12.5327228   0.0690863   0.0895124   0.1153938   0.1377939   0.1522725   0.1622827   0.1716182   0.1823047   0.1947946   0.2086152
  12.5614018   0.1455780   0.1067784   0.1183969   0.1337225   0.1451269   0.1534194   0.1613079   0.1705948   0.1818191   0.1946363
  12.5900808   0.1662784   0.1249400   0.1248676   0.1318822   0.1392102   0.1453967   0.1517875   0.1597289   0.1697302   0.1815375
  12.6187598   0.1222241   0.1409792   0.1324423   0.1313297   0.1341624   0.1380326   0.1429260   0.1496005   0.1584452   0.1692615
  12.6474388   0.1130829   0.1541483   0.1389892   0.1310598   0.1295778   0.1311360   0.1345982   0.1401100   0.1478850   0.1577503
  12.6761178   0.1869747   0.1628901   0.1428756   0.1301488   0.1250519   0.1245192   0.1266878   0.1311660   0.1379747   0.1469470
  12.7047968   0.2512584   0.1643514   0.1430935   0.1278678   0.1202257   0.1180111   0.1190912   0.1226874   0.1286459   0.1367967
  12.7334758   0.1929723   0.1573482   0.1392631   0.1237518   0.1148222   0.1114690   0.1117206   0.1146037   0.1198368   0.1272477
  12.7621548   0.0946985   0.1443781   0.1315459   0.1176242   0.1086701   0.1047882   0.1045066   0.1068568   0.1114934   0.1182521
  12.7908338   0.0873967   0.1293054   0.1205085   0.1095792   0.1017125   0.0979081   0.0974007   0.0994006   0.1035696   0.1097665
  12.8195128   0.1446854   0.1135143   0.1069840   0.0999341   0.0940016   0.0908136   0.0903751   0.0922014   0.0960270   0.1017520
  12.8481918   0.1480179   0.0955800   0.0919616   0.0891611   0.0856812   0.0835324   0.0834227   0.0852374   0.0888352   0.0941747
  12.8768708   0.0792594   0.0746597   0.0764987   0.0778108   0.0769613   0.0761284   0.0765550   0.0784977   0.0819710   0.0870052
  12.9055498   0.0220199   0.0530425   0.0616254   0.0664378   0.0680881   0.0686931   0.0697992   0.0719812   0.0754180   0.0802190
  12.9342288   0.0035598   0.0348950   0.0482192   0.0555371   0.0593152   0.0613346   0.0631945   0.0656946   0.0691653   0.0737956
  12.9629078   0.0031982   0.0230348   0.0368701   0.0454978   0.0508776   0.0541668   0.0567876   0.0596508   0.0632072   0.0677182
  12.9915868   0.0113916   0.0171766   0.0277964   0.0365790   0.0429730   0.0472995   0.0506287   0.0538668   0.0575416   0.0619735
  13.0202658   0.0226460   0.0147774   0.0208580   0.0289067   0.0357494   0.0408301   0.0447673   0.0483618   0.0521694   0.0565507
  13.0489448   0.0233333   0.0131022   0.0156715   0.0224902   0.0293006   0.0348373   0.0392484   0.0431552   0.0470929   0.0514411
  13.0776238   0.0124510   0.0107160   0.0117745   0.0172512   0.0236688   0.0293777   0.0341099   0.0382648   0.0423154   0.0466377
  13.1063028   0.0034409   0.0076590   0.0087668   0.0130568   0.0188504   0.0244845   0.0293802   0.0337056   0.0378399   0.0421345
  13.1349818   0.0004925   0.0046893   0.0063807   0.0097511   0.0148066   0.0201686   0.0250775   0.0294887   0.0336685   0.0379258
  13.1636608   0.0000365   0.0024432   0.0044760   0.0071790   0.0114731   0.0164204   0.0212089   0.0256203   0.0298017   0.0340059
  13.1923398   0.0000014   0.0010810   0.0029908   0.0052008   0.0087709   0.0132143   0.0177714   0.0221017   0.0262381   0.0303691
  13.2210188   0.0000000   0.0004058   0.0018870   0.0036980   0.0066151   0.0105118   0.0147526   0.0189288   0.0229738   0.0270088
  13.2496978   0.0000000   0.0001293   0.0011176   0.0025730   0.0049211   0.0082661   0.0121322   0.0160928   0.0200026   0.0239175
  13.2783768   0.0000000   0.0000349   0.0006190   0.0017466   0.0036094   0.0064257   0.0098838   0.0135804   0.0173158   0.0210868
  13.3070558   0.0000000   0.0000080   0.0003198   0.0011532   0.0026088   0.0049378   0.0079765   0.0113746   0.0149024   0.0185073
  13.3357348   0.0000000   0.0000016   0.0001540   0.0007386   0.0018567   0.0037507   0.0063766   0.0094552   0.0127494   0.0161685
  13.3644138   0.0000000   0.0000003   0.0000690   0.0004579   0.0013001   0.0028159   0.0050497   0.0078000   0.0108419   0.0140588
  13.3930928   0.0000000   0.0000000   0.0000287   0.0002742   0.0008949   0.0020893   0.0039611   0.0063855   0.0091637   0.0121658
  13.4217718   0.0000000   0.0000000   0.0000111   0.0001584   0.0006050   0.0015318   0.0030777   0.0051874   0.0076978   0.0104765
  13.4504508   0.0000000   0.0000000   0.0000040   0.0000882   0.0004013   0.0011094   0.0023687   0.0041816   0.0064263   0.0089773
  13.4791298   0.0000000   0.0000000   0.0000013   0.0000473   0.0002610   0.0007935   0.0018056   0.0033448   0.0053314   0.0076543
  13.5078088   0.0000000   0.0000000   0.0000004   0.0000244   0.0001662   0.0005604   0.0013631   0.0026547   0.0043952   0.0064932
  13.5364878   0.0000000   0.0000000   0.0000001   0.0000121   0.0001036   0.0003906   0.0010192   0.0020906   0.0036006   0.0054802
  13.5651668   0.0000000   0.0000000   0.0000000   0.0000057   0.0000632   0.0002687   0.0007546   0.0016335   0.0029309   0.0046015
  13.5938458   0.0000000   0.0000000   0.0000000   0.0000026   0.0000377   0.0001823   0.0005532   0.0012664   0.0023705   0.0038436
  13.6225248   0.0000000   0.0000000   0.0000000   0.0000012   0.0000219   0.0001219   0.0004016   0.0009740   0.0019050   0.0031938
  13.6512038   0.0000000   0.0000000   0.0000000   0.0000005   0.0000125   0.0000804   0.0002886   0.0007433   0.0015211   0.0026399
  13.6798828   0.0000000   0.0000000   0.0000000   0.0000002   0.0000069   0.0000522   0.0002053   0.0005627   0.0012067   0.0021705
  13.7085618   0.0000000   0.0000000   0.0000000   0.0000001   0.0000037   0.0000334   0.0001445   0.0004226   0.0009511   0.0017751
  13.7372408   0.0000000   0.0000000   0.0000000   0.0000000   0.0000020   0.0000211   0.0001007   0.0003148   0.0007448   0.0014440
  13.7659198   0.0000000   0.0000000   0.0000000   0.0000000   0.0000010   0.0000131   0.0000694   0.0002327   0.0005794   0.0011684
  13.7945988   0.0000000   0.0000000   0.0000000   0.0000000   0.0000005   0.0000080   0.0000473   0.0001706   0.0004478   0.0009403
  13.8232778   0.0000000   0.0000000   0.0000000   0.0000000   0.0000003   0.0000048   0.0000319   0.0001240   0.0003438   0.0007526
  13.8519568   0.0000000   0.0000000   0.0000000   0.0000000   0.0000001   0.0000028   0.0000213   0.0000894   0.0002623   0.0005991
  13.8806358   0.0000000   0.0000000   0.0000000   0.0000000   0.0000001   0.0000017   0.0000141   0.0000640   0.0001987   0.0004744
  13.9093148   0.0000000   0.0000000   0.0000000   0.0000000   0.0000000   0.0000009   0.0000092   0.0000454   0.0001496   0.0003736
  13.9379938   0.0000000   0.0000000   0.0000000   0.0000000   0.0000000   0.0000005   0.0000059   0.0000319   0.0001119   0.0002925
  13.9666728   0.0000000   0.0000000   0.0000000   0.0000000   0.0000000   0.0000003   0.0000038   0.0000223   0.0000831   0.0002279
  13.9953517   0.0000000   0.0000000   0.0000000   0.0000000   0.0000000   0.0000002   0.0000024   0.0000154   0.0000613   0.0001765
  14.0240307   0.0000000   0.0000000   0.0000000   0.0000000   0.0000000   0.0000001   0.0000015   0.0000106   0.0000449   0.0001360
  14.0527097   0.0000000   0.0000000   0.0000000   0.0000000   0.0000000   0.0000000   0.0000009   0.0000072   0.0000327   0.0001042
  14.0813887   0.0000000   0.0000000   0.0000000   0.0000000   0.0000000   0.0000000   0.0000006   0.0000048   0.0000236   0.0000794
  14.1100677   0.0000000   0.0000000   0.0000000   0.0000000   0.0000000   0.0000000   0.0000003   0.0000032   0.0000170   0.0000601
  14.1387467   0.0000000   0.0000000   0.0000000   0.0000000   0.0000000   0.0000000   0.0000002   0.0000021   0.0000121   0.0000453
  14.1674257   0.0000000   0.0000000   0.0000000   0.0000000   0.0000000   0.0000000   0.0000001   0.0000014   0.0000086   0.0000339
  14.1961047   0.0000000   0.0000000   0.0000000   0.0000000   0.0000000   0.0000000   0.0000001   0.0000009   0.0000060   0.0000253
  14.2247837   0.0000000   0.0000000   0.0000000   0.0000000   0.0000000   0.0000000   0.0000000   0.0000006   0.0000042   0.0000187
  14.2534627   0.0000000   0.0000000   0.0000000   0.0000000   0.0000000   0.0000000   0.0000000   0.0000004   0.0000029   0.0000138
  14.2821417   0.0000000   0.0000000   0.0000000   0.0000000   0.0000000   0.0000000   0.0000000   0.0000002   0.0000020   0.0000101
  14.3108207   0.0000000   0.0000000   0.0000000   0.0000000   0.0000000   0.0000000   0.0000000   0.0000001   0.0000014   0.0000074
  14.3394997   0.0000000   0.0000000   0.0000000   0.0000000   0.0000000   0.0000000   0.0000000   0.0000001   0.0000009   0.0000053
 Integrated el-ph coupling
  #            0.6309706   0.6309996   0.6310479   0.6311157   0.6312029   0.6313097   0.6314361   0.6315822   0.6317483   0.6319344
 Phonon smearing (meV)
  #            0.0500000   0.1000000   0.1500000   0.2000000   0.2500000   0.3000000   0.3500000   0.4000000   0.4500000   0.5000000
 Electron smearing (eV)   0.2000000
 Fermi window (eV)   1.0000000
 Summed el-ph coupling    0.6860689
