   0.0286790   0.0000000   0.0000000   0.0000000   0.0000000   0.0000000   0.0000000   0.0000000   0.0000000   0.0000000   0.0000000
   0.0573580   0.0000000   0.0000000   0.0000000   0.0000000   0.0000000   0.0000000   0.0000000   0.0000000   0.0000000   0.0000000
   0.0860370   0.0000000   0.0000000   0.0000000   0.0000000   0.0000000   0.0000000   0.0000000   0.0000000   0.0000000   0.0000000
   0.1147160   0.0000000   0.0000000   0.0000000   0.0000000   0.0000000   0.0000000   0.0000000   0.0000000   0.0000000   0.0000000
   0.1433950   0.0000000   0.0000000   0.0000000   0.0000000   0.0000000   0.0000000   0.0000000   0.0000000   0.0000000   0.0000000
   0.1720740   0.0000000   0.0000000   0.0000000   0.0000000   0.0000000   0.0000000   0.0000000   0.0000000   0.0000000   0.0000000
   0.2007530   0.0000000   0.0000000   0.0000000   0.0000000   0.0000000   0.0000000   0.0000000   0.0000000   0.0000000   0.0000000
   0.2294320   0.0000000   0.0000000   0.0000000   0.0000000   0.0000000   0.0000000   0.0000000   0.0000000   0.0000000   0.0000000
   0.2581110   0.0000000   0.0000000   0.0000000   0.0000000   0.0000000   0.0000000   0.0000000   0.0000000   0.0000000   0.0000000
   0.2867900   0.0000000   0.0000000   0.0000000   0.0000000   0.0000000   0.0000000   0.0000000   0.0000000   0.0000000   0.0000000
   0.3154690   0.0000000   0.0000000   0.0000000   0.0000000   0.0000000   0.0000000   0.0000000   0.0000000   0.0000000   0.0000000
   0.3441480   0.0000000   0.0000000   0.0000000   0.0000000   0.0000000   0.0000000   0.0000000   0.0000000   0.0000000   0.0000000
   0.3728270   0.0000000   0.0000000   0.0000000   0.0000000   0.0000000   0.0000000   0.0000000   0.0000000   0.0000000   0.0000000
   0.4015060   0.0000000   0.0000000   0.0000000   0.0000000   0.0000000   0.0000000   0.0000000   0.0000000   0.0000000   0.0000000
   0.4301850   0.0000000   0.0000000   0.0000000   0.0000000   0.0000000   0.0000000   0.0000000   0.0000000   0.0000000   0.0000000
   0.4588640   0.0000000   0.0000000   0.0000000   0.0000000   0.0000000   0.0000000   0.0000000   0.0000000   0.0000000   0.0000000
   0.4875430   0.0000000   0.0000000   0.0000000   0.0000000   0.0000000   0.0000000   0.0000000   0.0000000   0.0000000   0.0000000
   0.5162220   0.0000000   0.0000000   0.0000000   0.0000000   0.0000000   0.0000000   0.0000000   0.0000000   0.0000000   0.0000000
   0.5449010   0.0000000   0.0000000   0.0000000   0.0000000   0.0000000   0.0000000   0.0000000   0.0000000   0.0000000   0.0000000
   0.5735800   0.0000000   0.0000000   0.0000000   0.0000000   0.0000000   0.0000000   0.0000000   0.0000000   0.0000000   0.0000000
   0.6022590   0.0000000   0.0000000   0.0000000   0.0000000   0.0000000   0.0000000   0.0000000   0.0000000   0.0000000   0.0000000
   0.6309380   0.0000000   0.0000000   0.0000000   0.0000000   0.0000000   0.0000000   0.0000000   0.0000000   0.0000000   0.0000000
   0.6596170   0.0000000   0.0000000   0.0000000   0.0000000   0.0000000   0.0000000   0.0000000   0.0000000   0.0000000   0.0000001
   0.6882960   0.0000000   0.0000000   0.0000000   0.0000000   0.0000000   0.0000000   0.0000000   0.0000000   0.0000000   0.0000001
   0.7169750   0.0000000   0.0000000   0.0000000   0.0000000   0.0000000   0.0000000   0.0000000   0.0000000   0.0000000   0.0000001
   0.7456540   0.0000000   0.0000000   0.0000000   0.0000000   0.0000000   0.0000000   0.0000000   0.0000000   0.0000000   0.0000002
   0.7743330   0.0000000   0.0000000   0.0000000   0.0000000   0.0000000   0.0000000   0.0000000   0.0000000   0.0000000   0.0000003
   0.8030120   0.0000000   0.0000000   0.0000000   0.0000000   0.0000000   0.0000000   0.0000000   0.0000000   0.0000000   0.0000005
   0.8316910   0.0000000   0.0000000   0.0000000   0.0000000   0.0000000   0.0000000   0.0000000   0.0000000   0.0000001   0.0000007
   0.8603700   0.0000000   0.0000000   0.0000000   0.0000000   0.0000000   0.0000000   0.0000000   0.0000000   0.0000001   0.0000009
   0.8890490   0.0000000   0.0000000   0.0000000   0.0000000   0.0000000   0.0000000   0.0000000   0.0000000   0.0000002   0.0000013
   0.9177280   0.0000000   0.0000000   0.0000000   0.0000000   0.0000000   0.0000000   0.0000000   0.0000000   0.0000003   0.0000019
   0.9464070   0.0000000   0.0000000   0.0000000   0.0000000   0.0000000   0.0000000   0.0000000   0.0000000   0.0000004   0.0000026
   0.9750860   0.0000000   0.0000000   0.0000000   0.0000000   0.0000000   0.0000000   0.0000000   0.0000001   0.0000006   0.0000036
   1.0037650   0.0000000   0.0000000   0.0000000   0.0000000   0.0000000   0.0000000   0.0000000   0.0000001   0.0000009   0.0000049
   1.0324440   0.0000000   0.0000000   0.0000000   0.0000000   0.0000000   0.0000000   0.0000000   0.0000001   0.0000013   0.0000068
   1.0611230   0.0000000   0.0000000   0.0000000   0.0000000   0.0000000   0.0000000   0.0000000   0.0000002   0.0000020   0.0000092
   1.0898020   0.0000000   0.0000000   0.0000000   0.0000000   0.0000000   0.0000000   0.0000000   0.0000004   0.0000028   0.0000124
   1.1184810   0.0000000   0.0000000   0.0000000   0.0000000   0.0000000   0.0000000   0.0000000   0.0000006   0.0000041   0.0000167
   1.1471600   0.0000000   0.0000000   0.0000000   0.0000000   0.0000000   0.0000000   0.0000001   0.0000009   0.0000058   0.0000222
   1.1758390   0.0000000   0.0000000   0.0000000   0.0000000   0.0000000   0.0000000   0.0000001   0.0000014   0.0000083   0.0000295
   1.2045180   0.0000000   0.0000000   0.0000000   0.0000000   0.0000000   0.0000000   0.0000002   0.0000021   0.0000116   0.0000388
   1.2331970   0.0000000   0.0000000   0.0000000   0.0000000   0.0000000   0.0000000   0.0000003   0.0000032   0.0000161   0.0000507
   1.2618760   0.0000000   0.0000000   0.0000000   0.0000000   0.0000000   0.0000000   0.0000005   0.0000048   0.0000223   0.0000659
   1.2905550   0.0000000   0.0000000   0.0000000   0.0000000   0.0000000   0.0000000   0.0000008   0.0000071   0.0000305   0.0000850
   1.3192340   0.0000000   0.0000000   0.0000000   0.0000000   0.0000000   0.0000001   0.0000013   0.0000105   0.0000415   0.0001090
   1.3479130   0.0000000   0.0000000   0.0000000   0.0000000   0.0000000   0.0000001   0.0000022   0.0000153   0.0000559   0.0001388
   1.3765920   0.0000000   0.0000000   0.0000000   0.0000000   0.0000000   0.0000002   0.0000036   0.0000220   0.0000748   0.0001756
   1.4052710   0.0000000   0.0000000   0.0000000   0.0000000   0.0000000   0.0000004   0.0000057   0.0000315   0.0000992   0.0002207
   1.4339500   0.0000000   0.0000000   0.0000000   0.0000000   0.0000000   0.0000007   0.0000089   0.0000445   0.0001305   0.0002755
   1.4626290   0.0000000   0.0000000   0.0000000   0.0000000   0.0000000   0.0000013   0.0000139   0.0000624   0.0001702   0.0003418
   1.4913080   0.0000000   0.0000000   0.0000000   0.0000000   0.0000001   0.0000023   0.0000213   0.0000864   0.0002203   0.0004212
   1.5199870   0.0000000   0.0000000   0.0000000   0.0000000   0.0000001   0.0000041   0.0000321   0.0001186   0.0002828   0.0005157
   1.5486660   0.0000000   0.0000000   0.0000000   0.0000000   0.0000003   0.0000070   0.0000479   0.0001610   0.0003601   0.0006272
   1.5773450   0.0000000   0.0000000   0.0000000   0.0000000   0.0000006   0.0000119   0.0000705   0.0002163   0.0004548   0.0007579
   1.6060240   0.0000000   0.0000000   0.0000000   0.0000000   0.0000012   0.0000197   0.0001023   0.0002878   0.0005698   0.0009098
   1.6347030   0.0000000   0.0000000   0.0000000   0.0000000   0.0000024   0.0000322   0.0001465   0.0003788   0.0007080   0.0010850
   1.6633820   0.0000000   0.0000000   0.0000000   0.0000001   0.0000048   0.0000515   0.0002070   0.0004936   0.0008727   0.0012855
   1.6920610   0.0000000   0.0000000   0.0000000   0.0000001   0.0000091   0.0000810   0.0002885   0.0006366   0.0010671   0.0015131
   1.7207400   0.0000000   0.0000000   0.0000000   0.0000004   0.0000171   0.0001250   0.0003969   0.0008126   0.0012942   0.0017694
   1.7494190   0.0000000   0.0000000   0.0000000   0.0000010   0.0000311   0.0001894   0.0005386   0.0010267   0.0015569   0.0020557
   1.7780980   0.0000000   0.0000000   0.0000000   0.0000024   0.0000551   0.0002817   0.0007212   0.0012839   0.0018579   0.0023727
   1.8067770   0.0000000   0.0000000   0.0000000   0.0000057   0.0000951   0.0004116   0.0009529   0.0015891   0.0021992   0.0027208
   1.8354560   0.0000000   0.0000000   0.0000000   0.0000129   0.0001599   0.0005905   0.0012422   0.0019468   0.0025822   0.0030998
   1.8641350   0.0000000   0.0000000   0.0000002   0.0000279   0.0002618   0.0008318   0.0015977   0.0023606   0.0030074   0.0035087
   1.8928140   0.0000000   0.0000000   0.0000007   0.0000578   0.0004177   0.0011504   0.0020276   0.0028332   0.0034746   0.0039460
   1.9214930   0.0000000   0.0000000   0.0000023   0.0001151   0.0006489   0.0015623   0.0025388   0.0033656   0.0039820   0.0044093
   1.9501720   0.0000000   0.0000000   0.0000071   0.0002198   0.0009821   0.0020831   0.0031365   0.0039573   0.0045270   0.0048955
   1.9788510   0.0000000   0.0000000   0.0000210   0.0004031   0.0014476   0.0027274   0.0038232   0.0046056   0.0051054   0.0054006
   2.0075300   0.0000000   0.0000000   0.0000572   0.0007093   0.0020785   0.0035062   0.0045982   0.0053054   0.0057117   0.0059201
   2.0362090   0.0000000   0.0000002   0.0001453   0.0011980   0.0029067   0.0044257   0.0054565   0.0060493   0.0063392   0.0064488
   2.0648880   0.0000000   0.0000016   0.0003429   0.0019417   0.0039594   0.0054853   0.0063888   0.0068275   0.0069799   0.0069809
   2.0935670   0.0000000   0.0000093   0.0007521   0.0030203   0.0052533   0.0066754   0.0073808   0.0076276   0.0076249   0.0075101
   2.1222460   0.0000000   0.0000464   0.0015333   0.0045088   0.0067889   0.0079766   0.0084132   0.0084353   0.0082642   0.0080302
   2.1509250   0.0000000   0.0001954   0.0029055   0.0064596   0.0085454   0.0093588   0.0094626   0.0092344   0.0088875   0.0085346
   2.1796040   0.0000000   0.0006984   0.0051176   0.0088817   0.0104770   0.0107818   0.0105015   0.0100077   0.0094844   0.0090170
   2.2082830   0.0000003   0.0021175   0.0083785   0.0117200   0.0125116   0.0121964   0.0114999   0.0107376   0.0100444   0.0094715
   2.2369620   0.0000123   0.0054463   0.0127500   0.0148422   0.0145532   0.0135469   0.0124268   0.0114065   0.0105579   0.0098926
   2.2656410   0.0002798   0.0118834   0.0180346   0.0180388   0.0164882   0.0147749   0.0132514   0.0119984   0.0110163   0.0102758
   2.2943200   0.0032839   0.0219958   0.0237110   0.0210405   0.0181954   0.0158231   0.0139454   0.0124988   0.0114123   0.0106176
   2.3229990   0.0199626   0.0345380   0.0289762   0.0235530   0.0195578   0.0166401   0.0144848   0.0128963   0.0117405   0.0109154
   2.3516780   0.0628474   0.0460061   0.0329142   0.0253032   0.0204763   0.0171846   0.0148513   0.0131829   0.0119976   0.0111680
   2.3803570   0.1024700   0.0519868   0.0347514   0.0260882   0.0208816   0.0174290   0.0150338   0.0133545   0.0121825   0.0113757
   2.4090360   0.0865259   0.0498345   0.0341045   0.0258139   0.0207427   0.0173625   0.0150295   0.0134116   0.0122968   0.0115401
   2.4377150   0.0378386   0.0405254   0.0311100   0.0245135   0.0200712   0.0169920   0.0148443   0.0133591   0.0123442   0.0116642
   2.4663940   0.0085696   0.0279566   0.0263776   0.0223408   0.0189203   0.0163421   0.0144925   0.0132063   0.0123313   0.0117524
   2.4950730   0.0010051   0.0163607   0.0207884   0.0195407   0.0173781   0.0154533   0.0139965   0.0129667   0.0122666   0.0118104
   2.5237520   0.0000611   0.0081223   0.0152284   0.0164037   0.0155575   0.0143792   0.0133855   0.0126576   0.0121607   0.0118448
   2.5524310   0.0000019   0.0034207   0.0103690   0.0132176   0.0135842   0.0131828   0.0126942   0.0122989   0.0120258   0.0118634
   2.5811100   0.0000000   0.0012221   0.0065625   0.0102256   0.0115835   0.0119315   0.0119604   0.0119129   0.0118753   0.0118744
   2.6097890   0.0000000   0.0003704   0.0038607   0.0076017   0.0096707   0.0106936   0.0112236   0.0115227   0.0117233   0.0118866
   2.6384680   0.0000000   0.0000952   0.0021115   0.0054432   0.0079429   0.0095336   0.0105228   0.0111517   0.0115842   0.0119089
   2.6671470   0.0000000   0.0000208   0.0010748   0.0037798   0.0064754   0.0085092   0.0098945   0.0108225   0.0114720   0.0119498
   2.6958260   0.0000000   0.0000038   0.0005127   0.0025930   0.0053209   0.0076684   0.0093712   0.0105560   0.0114000   0.0120179
   2.7245050   0.0000000   0.0000006   0.0002397   0.0018405   0.0045123   0.0070483   0.0089801   0.0103706   0.0113804   0.0121205
   2.7531840   0.0000000   0.0000001   0.0001375   0.0014772   0.0040650   0.0066738   0.0087419   0.0102817   0.0114236   0.0122644
   2.7818630   0.0000000   0.0000002   0.0001521   0.0014713   0.0039812   0.0065575   0.0086707   0.0103011   0.0115381   0.0124552
   2.8105419   0.0000000   0.0000014   0.0002880   0.0018119   0.0042519   0.0067005   0.0087736   0.0104369   0.0117305   0.0126968
   2.8392209   0.0000000   0.0000081   0.0006053   0.0025075   0.0048584   0.0070930   0.0090511   0.0106934   0.0120047   0.0129922
   2.8678999   0.0000000   0.0000396   0.0012194   0.0035764   0.0057721   0.0077159   0.0094977   0.0110712   0.0123626   0.0133422
   2.8965789   0.0000000   0.0001645   0.0022944   0.0050320   0.0069537   0.0085425   0.0101030   0.0115673   0.0128032   0.0137466
   2.9252579   0.0000000   0.0005798   0.0040155   0.0068632   0.0083528   0.0095406   0.0108526   0.0121757   0.0133237   0.0142031
   2.9539369   0.0000003   0.0017332   0.0065330   0.0090185   0.0099085   0.0106751   0.0117292   0.0128875   0.0139186   0.0147080
   2.9826159   0.0000124   0.0043955   0.0098799   0.0113952   0.0115524   0.0119102   0.0127140   0.0136916   0.0145806   0.0152561
   3.0112949   0.0002659   0.0094563   0.0138887   0.0138410   0.0132140   0.0132126   0.0137876   0.0145751   0.0153003   0.0158407
   3.0399739   0.0029501   0.0172583   0.0181499   0.0161703   0.0148280   0.0145531   0.0149309   0.0155232   0.0160669   0.0164540
   3.0686529   0.0169499   0.0267197   0.0220526   0.0181939   0.0163429   0.0159091   0.0161254   0.0165204   0.0168680   0.0170869
   3.0973319   0.0504364   0.0350934   0.0249230   0.0197585   0.0177289   0.0172653   0.0173538   0.0175500   0.0176901   0.0177296
   3.1260109   0.0777248   0.0391005   0.0262261   0.0207860   0.0189835   0.0186137   0.0185997   0.0185945   0.0185189   0.0183715
   3.1546899   0.0620318   0.0369584   0.0257588   0.0213025   0.0201328   0.0199521   0.0198471   0.0196360   0.0193393   0.0190019
   3.1833689   0.0256394   0.0296419   0.0237547   0.0214478   0.0212279   0.0212822   0.0210797   0.0206560   0.0201359   0.0196097
   3.2120479   0.0054884   0.0202003   0.0208569   0.0214596   0.0223355   0.0226057   0.0222809   0.0216355   0.0208935   0.0201841
   3.2407269   0.0006084   0.0118092   0.0179714   0.0216322   0.0235241   0.0239211   0.0234319   0.0225557   0.0215970   0.0207145
   3.2694059   0.0000349   0.0063098   0.0160595   0.0222582   0.0248481   0.0252197   0.0245124   0.0233974   0.0222320   0.0211914
   3.2980849   0.0000019   0.0041949   0.0159323   0.0235628   0.0263329   0.0264829   0.0254995   0.0241421   0.0227851   0.0216060
   3.3267639   0.0000275   0.0055266   0.0180873   0.0256463   0.0279626   0.0276803   0.0263683   0.0247718   0.0232443   0.0219509
   3.3554429   0.0004396   0.0106783   0.0225979   0.0284473   0.0296752   0.0287705   0.0270928   0.0252699   0.0235993   0.0222203
   3.3841219   0.0037055   0.0202214   0.0290594   0.0317366   0.0313646   0.0297023   0.0276465   0.0256219   0.0238420   0.0224101
   3.4128009   0.0169933   0.0340266   0.0366051   0.0351453   0.0328913   0.0304196   0.0280042   0.0258156   0.0239668   0.0225182
   3.4414799   0.0457893   0.0502595   0.0440206   0.0382228   0.0341000   0.0308654   0.0281437   0.0258424   0.0239710   0.0225447
   3.4701589   0.0824977   0.0651874   0.0499675   0.0405147   0.0348399   0.0309891   0.0280480   0.0256977   0.0238549   0.0224919
   3.4988379   0.1105495   0.0743311   0.0532846   0.0416432   0.0349869   0.0307513   0.0277067   0.0253813   0.0236222   0.0223647
   3.5275169   0.1125179   0.0745353   0.0532808   0.0413747   0.0344611   0.0301295   0.0271176   0.0248986   0.0232803   0.0221700
   3.5561959   0.0862790   0.0656709   0.0499160   0.0396586   0.0332393   0.0291215   0.0262882   0.0242601   0.0228399   0.0219174
   3.5848749   0.0467754   0.0507434   0.0437950   0.0366303   0.0313582   0.0277471   0.0252356   0.0234819   0.0223154   0.0216185
   3.6135539   0.0157700   0.0342921   0.0359744   0.0325786   0.0289094   0.0260471   0.0239868   0.0225859   0.0217243   0.0212869
   3.6422329   0.0029824   0.0202015   0.0276583   0.0278885   0.0260282   0.0240812   0.0225781   0.0215988   0.0210874   0.0209381
   3.6709119   0.0003009   0.0103371   0.0198973   0.0229721   0.0228760   0.0219232   0.0210533   0.0205519   0.0204279   0.0205890
   3.6995909   0.0000159   0.0045782   0.0133894   0.0182046   0.0196220   0.0196565   0.0194630   0.0194805   0.0197712   0.0202575
   3.7282699   0.0000004   0.0017490   0.0084252   0.0138778   0.0164260   0.0173676   0.0178615   0.0184225   0.0191442   0.0199623
   3.7569489   0.0000000   0.0005746   0.0049557   0.0101764   0.0134246   0.0151421   0.0163059   0.0174176   0.0185746   0.0197222
   3.7856279   0.0000000   0.0001619   0.0027238   0.0071786   0.0107231   0.0130595   0.0148533   0.0165063   0.0180901   0.0195555
   3.8143069   0.0000000   0.0000390   0.0013984   0.0048739   0.0083929   0.0111913   0.0135594   0.0157282   0.0177178   0.0194800
   3.8429859   0.0000000   0.0000080   0.0006704   0.0031909   0.0064741   0.0095988   0.0124769   0.0151215   0.0174829   0.0195119
   3.8716649   0.0000000   0.0000014   0.0003003   0.0020275   0.0049826   0.0083339   0.0116538   0.0147212   0.0174087   0.0196657
   3.9003439   0.0000000   0.0000002   0.0001263   0.0012774   0.0039191   0.0074393   0.0111331   0.0145583   0.0175151   0.0199535
   3.9290229   0.0000000   0.0000000   0.0000522   0.0008499   0.0032789   0.0069506   0.0109511   0.0146588   0.0178184   0.0203848
   3.9577019   0.0000000   0.0000000   0.0000282   0.0006834   0.0030608   0.0068974   0.0111372   0.0150428   0.0183304   0.0209660
   3.9863809   0.0000000   0.0000000   0.0000360   0.0007533   0.0032745   0.0073051   0.0117128   0.0157236   0.0190580   0.0217001
   4.0150599   0.0000000   0.0000001   0.0000816   0.0010763   0.0039439   0.0081946   0.0126909   0.0167073   0.0200029   0.0225866
   4.0437389   0.0000000   0.0000005   0.0001982   0.0017122   0.0051074   0.0095818   0.0140750   0.0179920   0.0211614   0.0236214
   4.0724179   0.0000000   0.0000034   0.0004578   0.0027626   0.0068150   0.0114759   0.0158589   0.0195679   0.0225240   0.0247967
   4.1010969   0.0000000   0.0000181   0.0009903   0.0043654   0.0091205   0.0138760   0.0180251   0.0214168   0.0240760   0.0261013
   4.1297759   0.0000000   0.0000819   0.0020052   0.0066845   0.0120716   0.0167684   0.0205453   0.0235130   0.0257975   0.0275208
   4.1584549   0.0000000   0.0003161   0.0038043   0.0098893   0.0156975   0.0201226   0.0233795   0.0258229   0.0276635   0.0290377
   4.1871339   0.0000000   0.0010395   0.0067725   0.0141281   0.0199958   0.0238886   0.0264765   0.0283064   0.0296454   0.0306320
   4.2158129   0.0000020   0.0029215   0.0113324   0.0194928   0.0249213   0.0279949   0.0297744   0.0309174   0.0317108   0.0322816
   4.2444919   0.0000603   0.0070487   0.0178552   0.0259820   0.0303773   0.0323490   0.0332024   0.0336053   0.0338248   0.0339631
   4.2731709   0.0009359   0.0147025   0.0265395   0.0334690   0.0362126   0.0368392   0.0366828   0.0363166   0.0359512   0.0356521
   4.3018499   0.0075300   0.0267824   0.0372836   0.0416826   0.0422261   0.0413386   0.0401334   0.0389964   0.0380529   0.0373240
   4.3305289   0.0314350   0.0431825   0.0495922   0.0502099   0.0481776   0.0457121   0.0434708   0.0415900   0.0400938   0.0389547
   4.3592079   0.0689773   0.0625929   0.0625578   0.0585264   0.0538072   0.0498237   0.0466141   0.0440451   0.0420392   0.0405212
   4.3878869   0.0873093   0.0827877   0.0749417   0.0660520   0.0588586   0.0535452   0.0494881   0.0463135   0.0438570   0.0420020
   4.4165659   0.0972967   0.1010002   0.0853543   0.0722291   0.0631052   0.0567647   0.0520268   0.0483526   0.0455190   0.0433783
   4.4452449   0.1402943   0.1142498   0.0925074   0.0766075   0.0663737   0.0593942   0.0541762   0.0501270   0.0470014   0.0446337
   4.4739239   0.1633728   0.1199649   0.0954862   0.0789224   0.0685631   0.0613741   0.0558966   0.0516095   0.0482853   0.0457552
   4.5026029   0.1300208   0.1168635   0.0939788   0.0791445   0.0696533   0.0626770   0.0571641   0.0527822   0.0493577   0.0467330
   4.5312819   0.1121061   0.1054206   0.0884014   0.0774916   0.0697033   0.0633068   0.0579710   0.0536369   0.0502115   0.0475613
   4.5599609   0.1096331   0.0876572   0.0798772   0.0743924   0.0688394   0.0632967   0.0583257   0.0541748   0.0508453   0.0482378
   4.5886399   0.0708096   0.0667559   0.0700505   0.0704087   0.0672329   0.0627039   0.0582514   0.0544069   0.0512641   0.0487640
   4.6173189   0.0246144   0.0467543   0.0607584   0.0661291   0.0650751   0.0616032   0.0577844   0.0543525   0.0514782   0.0491450
   4.6459979   0.0044564   0.0319459   0.0536161   0.0620579   0.0625505   0.0600812   0.0569720   0.0540388   0.0515030   0.0493891
   4.6746769   0.0004930   0.0258542   0.0496157   0.0585246   0.0598164   0.0582290   0.0558699   0.0534996   0.0513583   0.0495076
   4.7033559   0.0013114   0.0300890   0.0488541   0.0556360   0.0569900   0.0561382   0.0545396   0.0527735   0.0510678   0.0495143
   4.7320349   0.0114681   0.0432861   0.0504974   0.0532827   0.0541467   0.0538966   0.0530459   0.0519030   0.0506575   0.0494248
   4.7607139   0.0527507   0.0605305   0.0530262   0.0511984   0.0513277   0.0515871   0.0514546   0.0509323   0.0501556   0.0492566
   4.7893929   0.1256672   0.0743915   0.0547068   0.0490563   0.0485554   0.0492869   0.0498305   0.0499062   0.0495910   0.0490277
   4.8180719   0.1550441   0.0782076   0.0541377   0.0465759   0.0458511   0.0470678   0.0482353   0.0488681   0.0489924   0.0487567
   4.8467509   0.0990668   0.0698825   0.0506727   0.0436134   0.0432512   0.0449966   0.0467257   0.0478591   0.0483876   0.0484618
   4.8754299   0.0327824   0.0529960   0.0445712   0.0402133   0.0408170   0.0431354   0.0453527   0.0469165   0.0478025   0.0481606
   4.9041089   0.0056181   0.0340999   0.0368448   0.0366090   0.0386363   0.0415406   0.0441595   0.0460728   0.0472603   0.0478697
   4.9327879   0.0004986   0.0186283   0.0288995   0.0331761   0.0368158   0.0402610   0.0431811   0.0453547   0.0467813   0.0476039
   4.9614669   0.0000229   0.0087034   0.0221421   0.0303515   0.0354659   0.0393354   0.0424428   0.0447829   0.0463818   0.0473764
   4.9901459   0.0000005   0.0037396   0.0176899   0.0285396   0.0346822   0.0387898   0.0419603   0.0443713   0.0460747   0.0471983
   5.0188249   0.0000000   0.0023666   0.0162309   0.0280261   0.0345266   0.0386345   0.0417387   0.0441272   0.0458687   0.0470787
   5.0475039   0.0000008   0.0039879   0.0179922   0.0289182   0.0350135   0.0388623   0.0417733   0.0440513   0.0457684   0.0470243
   5.0761829   0.0000300   0.0092959   0.0227450   0.0311220   0.0361040   0.0394484   0.0420496   0.0441382   0.0457750   0.0470402
   5.1048619   0.0006198   0.0196689   0.0298109   0.0343590   0.0377083   0.0403513   0.0425445   0.0443771   0.0458863   0.0471291
   5.1335409   0.0066259   0.0355502   0.0381058   0.0382199   0.0396976   0.0415156   0.0432276   0.0447525   0.0460972   0.0472925
   5.1622199   0.0366842   0.0545749   0.0462850   0.0422420   0.0419210   0.0428762   0.0440627   0.0452454   0.0464003   0.0475303
   5.1908989   0.1051850   0.0711984   0.0530198   0.0459953   0.0442256   0.0443626   0.0450100   0.0458343   0.0467869   0.0478416
   5.2195779   0.1561953   0.0791976   0.0573455   0.0491579   0.0464754   0.0459041   0.0460281   0.0464966   0.0472473   0.0482247
   5.2482569   0.1201231   0.0758547   0.0589430   0.0515651   0.0485640   0.0474341   0.0470760   0.0472096   0.0477718   0.0486780
   5.2769359   0.0478865   0.0642869   0.0582176   0.0532206   0.0504218   0.0488931   0.0481150   0.0479523   0.0483514   0.0491997
   5.3056149   0.0105980   0.0514845   0.0561274   0.0542692   0.0520143   0.0502315   0.0491110   0.0487060   0.0489785   0.0497889
   5.3342939   0.0073287   0.0435435   0.0538375   0.0549387   0.0533348   0.0514101   0.0500356   0.0494561   0.0496475   0.0504452
   5.3629729   0.0280049   0.0421065   0.0523581   0.0554672   0.0543925   0.0524006   0.0508678   0.0501922   0.0503554   0.0511694
   5.3916519   0.0644665   0.0446984   0.0522993   0.0560344   0.0552009   0.0531856   0.0515951   0.0509096   0.0511021   0.0519638
   5.4203309   0.0770246   0.0481558   0.0537888   0.0567139   0.0557677   0.0537574   0.0522140   0.0516095   0.0518905   0.0528317
   5.4490099   0.0479751   0.0518404   0.0565084   0.0574580   0.0560907   0.0541190   0.0527311   0.0522992   0.0527269   0.0537778
   5.4776889   0.0193589   0.0576477   0.0597898   0.0581155   0.0561585   0.0542839   0.0531627   0.0529920   0.0536206   0.0548084
   5.5063679   0.0288556   0.0668106   0.0627477   0.0584776   0.0559578   0.0542769   0.0535350   0.0537072   0.0545838   0.0559306
   5.5350469   0.0878948   0.0768096   0.0644692   0.0583385   0.0554833   0.0541361   0.0538838   0.0544693   0.0556312   0.0571525
   5.5637259   0.1512571   0.0819672   0.0642605   0.0575531   0.0547502   0.0539132   0.0542530   0.0553069   0.0567789   0.0584824
   5.5924049   0.1351231   0.0777100   0.0618868   0.0560808   0.0538041   0.0536748   0.0546938   0.0562518   0.0580446   0.0599292
   5.6210839   0.0625189   0.0645715   0.0576848   0.0540021   0.0527283   0.0535009   0.0552627   0.0573371   0.0594457   0.0615013
   5.6497629   0.0149938   0.0481813   0.0524627   0.0515105   0.0516458   0.0534840   0.0560185   0.0585964   0.0609994   0.0632061
   5.6784419   0.0021380   0.0354664   0.0472027   0.0488844   0.0507149   0.0537243   0.0570204   0.0600614   0.0627211   0.0650503
   5.7071209   0.0031789   0.0304450   0.0427081   0.0464512   0.0501208   0.0543251   0.0583239   0.0617603   0.0646239   0.0670385
   5.7357999   0.0173802   0.0324560   0.0393753   0.0445548   0.0500613   0.0553857   0.0599781   0.0637165   0.0667175   0.0691737
   5.7644789   0.0511106   0.0372635   0.0372105   0.0435329   0.0507300   0.0569939   0.0620223   0.0659468   0.0690079   0.0714563
   5.7931579   0.0778583   0.0399077   0.0360701   0.0437026   0.0522974   0.0592185   0.0644827   0.0684599   0.0714964   0.0738843
   5.8218369   0.0614241   0.0376823   0.0359789   0.0453478   0.0548926   0.0621020   0.0673703   0.0712563   0.0741798   0.0764529
   5.8505159   0.0250965   0.0316413   0.0373417   0.0486974   0.0585858   0.0656549   0.0706792   0.0743269   0.0770496   0.0791543
   5.8791949   0.0053149   0.0259080   0.0409220   0.0538914   0.0633758   0.0698529   0.0743859   0.0776536   0.0800926   0.0819784
   5.9078739   0.0007158   0.0255185   0.0475832   0.0609357   0.0691827   0.0746363   0.0784496   0.0812095   0.0832908   0.0849119
   5.9365529   0.0020655   0.0341839   0.0579022   0.0696596   0.0758491   0.0799118   0.0828139   0.0849600   0.0866222   0.0879396
   5.9652319   0.0159866   0.0528335   0.0718145   0.0796926   0.0831499   0.0855585   0.0874094   0.0888639   0.0900614   0.0910437
   5.9939109   0.0651764   0.0793062   0.0884316   0.0904778   0.0908109   0.0914353   0.0921571   0.0928753   0.0935801   0.0942051
   6.0225899   0.1387114   0.1094108   0.1061007   0.1013308   0.0985344   0.0973902   0.0969723   0.0969458   0.0971484   0.0974031
   6.0512689   0.1626969   0.1387059   0.1227023   0.1115383   0.1060284   0.1032706   0.1017695   0.1010260   0.1007356   0.1006159
   6.0799479   0.1462076   0.1632949   0.1361218   0.1204777   0.1130342   0.1089331   0.1064668   0.1050680   0.1043110   0.1038214
   6.1086269   0.1897988   0.1790530   0.1447893   0.1277289   0.1193495   0.1142520   0.1109902   0.1090276   0.1078448   0.1069975
   6.1373059   0.2644669   0.1814838   0.1481473   0.1331460   0.1248413   0.1191264   0.1152773   0.1128654   0.1113090   0.1101219
   6.1659849   0.2535067   0.1684535   0.1468855   0.1368662   0.1294476   0.1234848   0.1192801   0.1165486   0.1146779   0.1131733
   6.1946639   0.1506735   0.1440069   0.1428165   0.1392498   0.1331693   0.1272872   0.1229673   0.1200514   0.1179281   0.1161310
   6.2233429   0.0530637   0.1185916   0.1383670   0.1407638   0.1360542   0.1305256   0.1263249   0.1233557   0.1210394   0.1189754
   6.2520219   0.0177277   0.1039182   0.1358173   0.1418415   0.1381789   0.1332228   0.1293556   0.1264506   0.1239939   0.1216880
   6.2807009   0.0429108   0.1062220   0.1365512   0.1427590   0.1396338   0.1354292   0.1320776   0.1293314   0.1267765   0.1242516
   6.3093799   0.1208319   0.1233783   0.1405990   0.1435670   0.1405155   0.1372195   0.1345217   0.1319986   0.1293739   0.1266503
   6.3380589   0.1893547   0.1475579   0.1466418   0.1441006   0.1409278   0.1386879   0.1367277   0.1344557   0.1317747   0.1288694
   6.3667379   0.1893360   0.1702174   0.1524639   0.1440683   0.1409907   0.1399420   0.1387397   0.1367077   0.1339683   0.1308959
   6.3954169   0.1894573   0.1851397   0.1556783   0.1431963   0.1408523   0.1410965   0.1406013   0.1387589   0.1359444   0.1327179
   6.4240959   0.2263144   0.1885286   0.1544843   0.1413862   0.1406971   0.1422638   0.1423501   0.1406105   0.1376932   0.1343253
   6.4527749   0.2394824   0.1785379   0.1482514   0.1388375   0.1407455   0.1435447   0.1440132   0.1422595   0.1392042   0.1357095
   6.4814539   0.1944615   0.1560309   0.1378043   0.1360929   0.1412378   0.1450167   0.1456017   0.1436968   0.1404668   0.1368641
   6.5101329   0.1127529   0.1253829   0.1253681   0.1339815   0.1424048   0.1467230   0.1471083   0.1449071   0.1414702   0.1377847
   6.5388119   0.0601925   0.0934632   0.1141896   0.1334640   0.1444248   0.1486625   0.1485047   0.1458687   0.1422038   0.1384699
   6.5674909   0.0439956   0.0674331   0.1078815   0.1354068   0.1473783   0.1507821   0.1497416   0.1465544   0.1426582   0.1389212
   6.5961699   0.0269968   0.0536831   0.1095721   0.1403396   0.1512074   0.1529738   0.1507507   0.1469334   0.1428262   0.1391440
   6.6248489   0.0096348   0.0584501   0.1209922   0.1482572   0.1556921   0.1550777   0.1514486   0.1469736   0.1427038   0.1391478
   6.6535279   0.0055043   0.0876397   0.1417219   0.1585244   0.1604513   0.1568907   0.1517431   0.1466447   0.1422919   0.1389471
   6.6822069   0.0305705   0.1431361   0.1688810   0.1699192   0.1649708   0.1581821   0.1515408   0.1459222   0.1415979   0.1385614
   6.7108859   0.1382999   0.2167192   0.1975186   0.1808151   0.1686581   0.1587144   0.1507561   0.1447906   0.1406366   0.1380164
   6.7395649   0.3693897   0.2876050   0.2217528   0.1894662   0.1709137   0.1582670   0.1493207   0.1432478   0.1394322   0.1373434
   6.7682439   0.5893556   0.3296219   0.2363773   0.1943276   0.1712107   0.1566606   0.1471926   0.1413077   0.1380187   0.1365801
   6.7969229   0.5561359   0.3261341   0.2383604   0.1943340   0.1691654   0.1537801   0.1443642   0.1390038   0.1364412   0.1357704
   6.8256019   0.3022371   0.2814408   0.2276159   0.1890710   0.1645917   0.1495923   0.1408682   0.1363904   0.1347558   0.1349636
   6.8542809   0.0937737   0.2179949   0.2067240   0.1788045   0.1575277   0.1441568   0.1367814   0.1335435   0.1330292   0.1342147
   6.8829599   0.0301188   0.1610527   0.1797738   0.1643770   0.1482347   0.1376289   0.1322249   0.1305603   0.1313384   0.1335827
   6.9116389   0.0632690   0.1236074   0.1509094   0.1470115   0.1371689   0.1302550   0.1273622   0.1275576   0.1297686   0.1331302
   6.9403179   0.1346240   0.1028639   0.1232255   0.1280852   0.1249356   0.1223587   0.1223929   0.1246683   0.1284120   0.1329219
   6.9689969   0.1515546   0.0881491   0.0983803   0.1089314   0.1122315   0.1143229   0.1175453   0.1220378   0.1273648   0.1330229
   6.9976759   0.0884030   0.0712996   0.0768671   0.0907058   0.0997868   0.1065658   0.1130658   0.1198184   0.1267248   0.1334973
   7.0263549   0.0267060   0.0512844   0.0585927   0.0743313   0.0883132   0.0995162   0.1092071   0.1181637   0.1265880   0.1344064
   7.0550339   0.0041782   0.0318857   0.0433875   0.0605058   0.0784620   0.0935885   0.1062166   0.1172229   0.1270458   0.1358069
   7.0837129   0.0003385   0.0169434   0.0312561   0.0497489   0.0707937   0.0891595   0.1043238   0.1171343   0.1281814   0.1377494
   7.1123919   0.0000142   0.0076841   0.0223981   0.0424556   0.0657579   0.0865492   0.1037300   0.1180197   0.1300669   0.1402763
   7.1410709   0.0000003   0.0030798   0.0171416   0.0389365   0.0636812   0.0860056   0.1045988   0.1199792   0.1327605   0.1434207
   7.1697499   0.0000000   0.0015271   0.0159018   0.0394305   0.0647606   0.0876951   0.1070494   0.1230872   0.1363042   0.1472053
   7.1984289   0.0000000   0.0022114   0.0191808   0.0440873   0.0690607   0.0916973   0.1111515   0.1273887   0.1407217   0.1516409
   7.2271079   0.0000025   0.0057587   0.0275410   0.0529278   0.0765154   0.0980062   0.1169240   0.1328978   0.1460175   0.1567267
   7.2557869   0.0000822   0.0143636   0.0414761   0.0657957   0.0869333   0.1065350   0.1243346   0.1395964   0.1521760   0.1624491
   7.2844659   0.0013873   0.0312986   0.0611667   0.0823171   0.1000111   0.1171257   0.1333032   0.1474348   0.1591619   0.1687829
   7.3131449   0.0121785   0.0594822   0.0861925   0.1018867   0.1153540   0.1295613   0.1437058   0.1563336   0.1669207   0.1756911
   7.3418239   0.0562963   0.0993422   0.1153427   0.1236933   0.1325039   0.1435805   0.1553806   0.1661856   0.1753805   0.1831263
   7.3705029   0.1429079   0.1472023   0.1466549   0.1467913   0.1509749   0.1588920   0.1681342   0.1768599   0.1844540   0.1910319
   7.3991819   0.2263658   0.1956337   0.1777328   0.1702098   0.1702902   0.1751894   0.1817493   0.1882058   0.1940410   0.1993438
   7.4278609   0.2851931   0.2361135   0.2062644   0.1930827   0.1900176   0.1921625   0.1959910   0.2000577   0.2040318   0.2079926
   7.4565399   0.3256929   0.2627843   0.2305593   0.2147731   0.2097953   0.2095063   0.2106145   0.2122404   0.2143104   0.2169053
   7.4852189   0.3150981   0.2752639   0.2499101   0.2349622   0.2293448   0.2269266   0.2253707   0.2245744   0.2247586   0.2260081
   7.5138979   0.2710779   0.2786333   0.2646713   0.2536813   0.2484662   0.2441419   0.2400130   0.2368816   0.2352594   0.2352284
   7.5425769   0.2349303   0.2800364   0.2760924   0.2712695   0.2670162   0.2608824   0.2543031   0.2489909   0.2457012   0.2444976
   7.5712559   0.2423653   0.2837823   0.2860330   0.2882611   0.2848734   0.2768885   0.2680163   0.2607438   0.2559814   0.2537530
   7.5999349   0.3105938   0.2889468   0.2966723   0.3052140   0.3018965   0.2919090   0.2809480   0.2719993   0.2660100   0.2629403
   7.6286139   0.3624193   0.2924446   0.3102018   0.3225121   0.3178860   0.3057027   0.2929196   0.2826389   0.2757125   0.2720151
   7.6572929   0.3286585   0.2956752   0.3283990   0.3401810   0.3325597   0.3180429   0.3037844   0.2925710   0.2850328   0.2809449
   7.6859719   0.2306149   0.3081230   0.3520160   0.3577627   0.3455498   0.3287270   0.3134346   0.3017343   0.2939351   0.2897102
   7.7146509   0.1726950   0.3423840   0.3801115   0.3742932   0.3564276   0.3375910   0.3218068   0.3101006   0.3024055   0.2983053
   7.7433299   0.2718942   0.4027188   0.4096671   0.3884051   0.3647544   0.3445266   0.3288876   0.3176763   0.3104527   0.3067387
   7.7720089   0.5073761   0.4766397   0.4358646   0.3985535   0.3701531   0.3495001   0.3347174   0.3245032   0.3181078   0.3150335
   7.8006879   0.7217072   0.5382069   0.4531574   0.4033280   0.3723871   0.3525692   0.3393922   0.3306574   0.3254240   0.3232263
   7.8293669   0.7897450   0.5621993   0.4568628   0.4017861   0.3714344   0.3538954   0.3430631   0.3362477   0.3324748   0.3313670
   7.8580459   0.6752564   0.5386757   0.4446819   0.3937276   0.3675393   0.3537479   0.3459325   0.3414117   0.3393520   0.3395170
   7.8867249   0.4645830   0.4768991   0.4175403   0.3798409   0.3612313   0.3524986   0.3482473   0.3463118   0.3461628   0.3477480
   7.9154039   0.3163664   0.3968347   0.3794497   0.3616776   0.3533036   0.3506062   0.3502895   0.3511290   0.3530270   0.3561400
   7.9440829   0.2780680   0.3167769   0.3365131   0.3414572   0.3447518   0.3485903   0.3523637   0.3560573   0.3600732   0.3647790
   7.9727619   0.2546609   0.2473717   0.2954893   0.3217445   0.3366817   0.3469984   0.3547835   0.3612964   0.3674350   0.3737550
   8.0014409   0.1759730   0.1943933   0.2623815   0.3050722   0.3301975   0.3463684   0.3578569   0.3670453   0.3752473   0.3831595
   8.0301199   0.0777907   0.1637852   0.2413867   0.2935875   0.3262892   0.3471916   0.3618723   0.3734953   0.3836425   0.3930828
   8.0587989   0.0337813   0.1615822   0.2343807   0.2887906   0.3257333   0.3498790   0.3670864   0.3808243   0.3927469   0.4036122
   8.0874779   0.0794509   0.1882441   0.2409870   0.2913992   0.3290231   0.3547375   0.3737146   0.3891918   0.4026775   0.4148291
   8.1161569   0.2231341   0.2339843   0.2591652   0.3013445   0.3363352   0.3619554   0.3819241   0.3987352   0.4135394   0.4268073
   8.1448359   0.3969099   0.2819678   0.2860979   0.3178704   0.3475363   0.3716015   0.3918323   0.4095667   0.4254230   0.4396110
   8.1735149   0.4607229   0.3191904   0.3190222   0.3397004   0.3622282   0.3836360   0.4035070   0.4217722   0.4384026   0.4532927
   8.2021939   0.3533103   0.3463734   0.3556506   0.3652327   0.3798217   0.3979313   0.4169711   0.4354115   0.4525347   0.4678921
   8.2308729   0.2231951   0.3768815   0.3940472   0.3927413   0.3996301   0.4143002   0.4322097   0.4505182   0.4678574   0.4834345
   8.2595519   0.2617853   0.4237943   0.4321742   0.4205709   0.4209687   0.4325273   0.4491781   0.4671024   0.4843895   0.4999299
   8.2882309   0.4678029   0.4860840   0.4675643   0.4473219   0.4432474   0.4523987   0.4678106   0.4851518   0.5021306   0.5173721
   8.3169099   0.7001539   0.5467369   0.4975099   0.4720199   0.4660441   0.4737274   0.4880289   0.5046345   0.5210609   0.5357381
   8.3455889   0.7731948   0.5846324   0.5198112   0.4942532   0.4891493   0.4963697   0.5097486   0.5255008   0.5411415   0.5549877
   8.3742679   0.6650584   0.5893973   0.5337248   0.5142500   0.5125765   0.5202326   0.5328838   0.5476851   0.5623143   0.5750631
   8.4029468   0.5586286   0.5672216   0.5405874   0.5328654   0.5365354   0.5452709   0.5573492   0.5711069   0.5845027   0.5958893
   8.4316258   0.5028728   0.5352383   0.5437623   0.5514603   0.5613734   0.5714757   0.5830603   0.5956712   0.6076110   0.6173734
   8.4603048   0.4281524   0.5109880   0.5479268   0.5716710   0.5874952   0.5988575   0.6099305   0.6212686   0.6315253   0.6394057
   8.4889838   0.4044318   0.5045062   0.5580184   0.5951024   0.6152718   0.6274255   0.6378675   0.6477741   0.6561129   0.6618599
   8.5176628   0.5074502   0.5169517   0.5782128   0.6229963   0.6449578   0.6571692   0.6667684   0.6750460   0.6812227   0.6845937
   8.5463418   0.5956261   0.5457038   0.6111347   0.6559452   0.6766312   0.6880427   0.6965139   0.7029237   0.7066851   0.7074499
   8.5750208   0.5603249   0.5914282   0.6573099   0.6937204   0.7101675   0.7199550   0.7269630   0.7312261   0.7323124   0.7302577
   8.6036998   0.5165946   0.6598345   0.7148200   0.7352650   0.7452537   0.7527669   0.7579480   0.7597496   0.7578996   0.7528341
   8.6323788   0.6040948   0.7548768   0.7792530   0.7788725   0.7814400   0.7862934   0.7892700   0.7882667   0.7832248   0.7749859
   8.6610578   0.8485335   0.8691839   0.8441873   0.8225275   0.8182155   0.8203086   0.8206950   0.8165248   0.8080512   0.7965117
   8.6897368   1.1087637   0.9814121   0.9024134   0.8643430   0.8550939   0.8545523   0.8519509   0.8442464   0.8321291   0.8172050
   8.7184158   1.2484425   1.0639246   0.9478076   0.9029909   0.8916842   0.8887327   0.8827256   0.8711302   0.8551986   0.8368567
   8.7470948   1.2682769   1.0953052   0.9773507   0.9380165   0.9277312   0.9225255   0.9126661   0.8968536   0.8769932   0.8552584
   8.7757738   1.2253295   1.0703672   0.9924934   0.9699402   0.9631104   0.9555670   0.9413786   0.9210763   0.8972445   0.8722063
   8.8044528   1.0968146   1.0045276   0.9991431   1.0001056   0.9977761   0.9874421   0.9684321   0.9434468   0.9156867   0.8875051
   8.8331318   0.8635215   0.9317056   1.0060301   1.0302961   1.0316695   1.0176710   0.9933626   0.9636090   0.9320631   0.9009715
   8.8618108   0.6175540   0.8936737   1.0219271   1.0622086   1.0646056   1.0456970   1.0156825   0.9812116   0.9461320   0.9124386
   8.8904898   0.5349148   0.9210898   1.0527761   1.0969130   1.0961623   1.0708818   1.0348930   0.9959186   0.9576731   0.9217599
   8.9191688   0.8281126   1.0152945   1.0998828   1.1344256   1.1255993   1.0925114   1.0505000   1.0074208   0.9664948   0.9288132
   8.9478478   1.3055890   1.1456294   1.1598440   1.1734933   1.1518265   1.1098170   1.0620353   1.0154479   0.9724405   0.9335035
   8.9765268   1.5434838   1.2682896   1.2260039   1.2116241   1.1734389   1.1220123   1.0690793   1.0197811   0.9753942   0.9357665
   9.0052058   1.5568249   1.3544048   1.2905020   1.2453481   1.1888187   1.1283455   1.0712866   1.0202645   0.9752864   0.9355707
   9.0338848   1.4261050   1.4054866   1.3458281   1.2706489   1.1962957   1.1281619   1.0684116   1.0168153   0.9720976   0.9329192
   9.0625638   1.2361514   1.4440487   1.3853357   1.2834952   1.1943468   1.1209722   1.0603312   1.0094322   0.9658614   0.9278500
   9.0912428   1.3013551   1.4875803   1.4030081   1.2803985   1.1818067   1.1065170   1.0470643   0.9982001   0.9566652   0.9204365
   9.1199218   1.6149247   1.5277052   1.3933207   1.2589348   1.1580588   1.0848194   1.0287835   0.9832923   0.9446496   0.9107859
   9.1486008   1.8668282   1.5318881   1.3519100   1.2181690   1.1231763   1.0562187   1.0058198   0.9649680   0.9300060   0.8990374
   9.1772798   1.8244999   1.4658721   1.2770694   1.1589206   1.0779917   1.0213783   0.9786564   0.9435666   0.9129720   0.8853594
   9.2059588   1.5119105   1.3181104   1.1713411   1.0838154   1.0240789   0.9812652   0.9479132   0.9194974   0.8938254   0.8699454
   9.2346378   1.1276639   1.1080327   1.0422120   0.9970885   0.9636483   0.9371015   0.9143225   0.8932263   0.8728764   0.8530101
   9.2633168   0.7671162   0.8753013   0.9013011   0.9041419   0.8993638   0.8902907   0.8786957   0.8652594   0.8504594   0.8347840
   9.2919958   0.4809369   0.6609209   0.7621768   0.8109125   0.8341062   0.8423279   0.8418849   0.8361247   0.8269230   0.8155080
   9.3206748   0.3124456   0.4927478   0.6375868   0.7231517   0.7707118   0.7947000   0.8047423   0.8063533   0.8026202   0.7954283
   9.3493538   0.2527320   0.3811159   0.5370695   0.6457432   0.7117200   0.7487887   0.7680787   0.7764597   0.7778987   0.7747905
   9.3780328   0.2554667   0.3229678   0.4656345   0.5821746   0.6591627   0.7057838   0.7326270   0.7469249   0.7530915   0.7538343
   9.4067118   0.2365449   0.3089261   0.4236963   0.5342462   0.6144185   0.6666172   0.6990105   0.7181801   0.7285088   0.7327889
   9.4353908   0.2395573   0.3279204   0.4079925   0.5020406   0.5781477   0.6319206   0.6677208   0.6905953   0.7044303   0.7118679
   9.4640698   0.3483599   0.3679215   0.4129932   0.4841271   0.5503099   0.6020122   0.6391046   0.6644700   0.6811001   0.6912666
   9.4927488   0.4477954   0.4158988   0.4322931   0.4779371   0.5302557   0.5769102   0.6133607   0.6400290   0.6587227   0.6711580
   9.5214278   0.5120019   0.4607832   0.4596188   0.4802297   0.5168723   0.5563686   0.5905476   0.6174218   0.6374610   0.6516915
   9.5501068   0.5927554   0.4988136   0.4893093   0.4875731   0.5087607   0.5399322   0.5705979   0.5967254   0.6174355   0.6329913
   9.5787858   0.5122429   0.5351496   0.5164028   0.4967807   0.5044167   0.5270005   0.5533402   0.5779514   0.5987260   0.6151559
   9.6074648   0.3683991   0.5759720   0.5366743   0.5052568   0.5023934   0.5168952   0.5385250   0.5610546   0.5813741   0.5982588
   9.6361438   0.5399427   0.6152126   0.5469812   0.5112185   0.5014255   0.5089239   0.5258525   0.5459436   0.5653870   0.5823492
   9.6648228   0.9370780   0.6309214   0.5459908   0.5137713   0.5005092   0.5024345   0.5149988   0.5324931   0.5507420   0.5674538
   9.6935018   0.9949054   0.6011688   0.5349205   0.5128308   0.4989325   0.4968571   0.5056412   0.5205545   0.5373918   0.5535790
   9.7221808   0.5892245   0.5278076   0.5176328   0.5089093   0.4962659   0.4917320   0.4974781   0.5099679   0.5252697   0.5407132
   9.7508598   0.1970920   0.4435651   0.4996055   0.5028158   0.4923251   0.4867234   0.4902444   0.5005708   0.5142952   0.5288295
   9.7795388   0.0750860   0.3925259   0.4859226   0.4953450   0.4871188   0.4816207   0.4837211   0.4922067   0.5043782   0.5178885
   9.8082178   0.1734028   0.4000058   0.4791403   0.4870444   0.4807977   0.4763299   0.4777393   0.4847303   0.4954239   0.5078409
   9.8368968   0.4222019   0.4561628   0.4781387   0.4781250   0.4736119   0.4708564   0.4721795   0.4780116   0.4873365   0.4986303
   9.8655758   0.6937271   0.5237552   0.4786471   0.4685383   0.4658803   0.4652835   0.4669665   0.4719375   0.4800218   0.4901952
   9.8942548   0.8396807   0.5620203   0.4752541   0.4581841   0.4579706   0.4597471   0.4620610   0.4664120   0.4733899   0.4824715
   9.9229338   0.7609148   0.5498375   0.4639392   0.4471618   0.4502812   0.4544101   0.4574496   0.4613548   0.4673561   0.4753941
   9.9516128   0.4874590   0.4939110   0.4439497   0.4359597   0.4432199   0.4494363   0.4531343   0.4566993   0.4618425   0.4688987
   9.9802918   0.2645028   0.4187885   0.4182681   0.4254968   0.4371709   0.4449675   0.4491218   0.4523895   0.4567779   0.4629228
  10.0089708   0.2644088   0.3490231   0.3926279   0.4169835   0.4324523   0.4411038   0.4454147   0.4483776   0.4520980   0.4574069
  10.0376498   0.3240497   0.2988020   0.3736115   0.4116317   0.4292679   0.4378896   0.4420051   0.4446212   0.4477453   0.4522951
  10.0663288   0.2547098   0.2747902   0.3665630   0.4103045   0.4276634   0.4353056   0.4388703   0.4410814   0.4436683   0.4475355
  10.0950078   0.1537712   0.2832965   0.3739394   0.4132149   0.4274987   0.4332690   0.4359721   0.4377211   0.4398213   0.4430810
  10.1236868   0.1407970   0.3295921   0.3945023   0.4197748   0.4284467   0.4316411   0.4332580   0.4345046   0.4361639   0.4388888
  10.1523658   0.2691485   0.4086094   0.4235447   0.4286474   0.4300236   0.4302424   0.4306652   0.4313975   0.4326607   0.4349213
  10.1810448   0.5820475   0.4985683   0.4541280   0.4379931   0.4316485   0.4288730   0.4281264   0.4283671   0.4292807   0.4311455
  10.2097238   0.8530704   0.5680032   0.4790162   0.4458440   0.4327242   0.4273359   0.4255760   0.4253834   0.4259975   0.4275332
  10.2384028   0.8034058   0.5930450   0.4927050   0.4505033   0.4327244   0.4254613   0.4229564   0.4224201   0.4227889   0.4240611
  10.2670818   0.6010807   0.5706720   0.4928360   0.4508684   0.4312725   0.4231266   0.4202237   0.4194556   0.4196369   0.4207107
  10.2957608   0.4916545   0.5174403   0.4804924   0.4466033   0.4281970   0.4202710   0.4173512   0.4164739   0.4165279   0.4174680
  10.3244398   0.3951417   0.4569490   0.4593450   0.4381351   0.4235541   0.4169020   0.4143310   0.4134646   0.4134523   0.4143239
  10.3531188   0.3224199   0.4073258   0.4341026   0.4265031   0.4176157   0.4130926   0.4111739   0.4104236   0.4104050   0.4112740
  10.3817978   0.3467137   0.3760679   0.4089713   0.4131180   0.4108245   0.4089696   0.4079059   0.4073521   0.4073851   0.4083187
  10.4104768   0.3425711   0.3614829   0.3867225   0.3995032   0.4037264   0.4046954   0.4045638   0.4042563   0.4043965   0.4054629
  10.4391558   0.3281268   0.3564199   0.3686051   0.3870727   0.3968906   0.4004440   0.4011898   0.4011465   0.4014472   0.4027166
  10.4678348   0.3873464   0.3518319   0.3549223   0.3769732   0.3908302   0.3963776   0.3978251   0.3980363   0.3985503   0.4000947
  10.4965138   0.4122224   0.3406381   0.3458118   0.3699902   0.3859345   0.3926230   0.3945047   0.3949418   0.3957235   0.3976168
  10.5251928   0.3599083   0.3222725   0.3417362   0.3665021   0.3824197   0.3892554   0.3912533   0.3918818   0.3929897   0.3953075
  10.5538718   0.2810454   0.3053208   0.3434023   0.3664672   0.3803049   0.3862881   0.3880837   0.3888775   0.3903773   0.3931962
  10.5825508   0.1857898   0.3041386   0.3511800   0.3694351   0.3794135   0.3836717   0.3849970   0.3859536   0.3879203   0.3913169
  10.6112298   0.1471785   0.3289419   0.3644052   0.3745896   0.3793991   0.3813023   0.3819861   0.3831394   0.3856589   0.3897081
  10.6399088   0.3066699   0.3758103   0.3810417   0.3808308   0.3797925   0.3790378   0.3790409   0.3804706   0.3836394   0.3884125
  10.6685878   0.5906923   0.4262223   0.3979761   0.3868996   0.3800631   0.3767201   0.3761552   0.3779908   0.3819144   0.3874762
  10.6972668   0.6670532   0.4589790   0.4118395   0.3915349   0.3796884   0.3742009   0.3733351   0.3757541   0.3805429   0.3869484
  10.7259458   0.5120072   0.4650675   0.4199379   0.3936398   0.3782222   0.3713683   0.3706069   0.3738257   0.3795898   0.3868801
  10.7546248   0.3892751   0.4518748   0.4208374   0.3924278   0.3753563   0.3681701   0.3680241   0.3722840   0.3791249   0.3873236
  10.7833038   0.3459512   0.4334726   0.4144072   0.3875247   0.3709660   0.3646323   0.3656723   0.3712198   0.3792223   0.3883308
  10.8119828   0.3823655   0.4173752   0.4014606   0.3790117   0.3651372   0.3608701   0.3636719   0.3707363   0.3799584   0.3899521
  10.8406618   0.4962087   0.4003676   0.3833156   0.3674125   0.3581706   0.3570898   0.3621770   0.3709465   0.3814100   0.3922345
  10.8693408   0.4872061   0.3755636   0.3615240   0.3536333   0.3505645   0.3535816   0.3613718   0.3719704   0.3836521   0.3952202
  10.8980198   0.3242244   0.3416759   0.3378050   0.3388716   0.3429769   0.3507042   0.3614626   0.3739305   0.3867548   0.3989446
  10.9266988   0.2203762   0.3048333   0.3140573   0.3245087   0.3361725   0.3488620   0.3626679   0.3769465   0.3907804   0.4034345
  10.9553778   0.2343369   0.2727275   0.2923200   0.3119930   0.3309592   0.3484773   0.3652062   0.3811294   0.3957802   0.4087063
  10.9840568   0.2661689   0.2489240   0.2746550   0.3027219   0.3281218   0.3499601   0.3692824   0.3865750   0.4017910   0.4147642
  11.0127358   0.2437389   0.2329454   0.2630002   0.2979254   0.3283575   0.3536781   0.3750740   0.3933577   0.4088321   0.4215987
  11.0414148   0.1899937   0.2239001   0.2590345   0.2985599   0.3322220   0.3599294   0.3827182   0.4015241   0.4169025   0.4291853
  11.0700938   0.1773338   0.2227240   0.2640301   0.3052212   0.3400878   0.3689204   0.3923007   0.4110878   0.4259785   0.4374832
  11.0987728   0.2228941   0.2321504   0.2786378   0.3180923   0.3521205   0.3807491   0.4038466   0.4220251   0.4360116   0.4464353
  11.1274518   0.2539701   0.2562779   0.3026175   0.3369372   0.3682736   0.3953972   0.4173147   0.4342724   0.4469278   0.4559671
  11.1561308   0.2101497   0.2990770   0.3346439   0.3611478   0.3882988   0.4127282   0.4325952   0.4477244   0.4586267   0.4659876
  11.1848098   0.2148661   0.3596777   0.3723867   0.3898384   0.4117723   0.4324938   0.4495101   0.4622347   0.4709827   0.4763899
  11.2134888   0.4328367   0.4274701   0.4129902   0.4219695   0.4381287   0.4543451   0.4678178   0.4776173   0.4838459   0.4870519
  11.2421678   0.7087556   0.4849844   0.4538564   0.4564718   0.4667006   0.4778492   0.4872197   0.4936508   0.4970447   0.4978387
  11.2708468   0.7056226   0.5201956   0.4934036   0.4923395   0.4967571   0.5025082   0.5073694   0.5100825   0.5103884   0.5086042
  11.2995258   0.4692708   0.5370633   0.5313982   0.5286747   0.5275398   0.5277804   0.5278839   0.5266350   0.5236715   0.5191937
  11.3282048   0.3553124   0.5521493   0.5686335   0.5646785   0.5582920   0.5531007   0.5483558   0.5430134   0.5366779   0.5294468
  11.3568838   0.5128324   0.5805755   0.6060774   0.5996098   0.5882834   0.5779008   0.5683651   0.5589125   0.5491853   0.5392007
  11.3855628   0.7159879   0.6263981   0.6439168   0.6327411   0.6168286   0.6016266   0.5874926   0.5740250   0.5609709   0.5482929
  11.4142418   0.6929873   0.6844078   0.6810050   0.6633432   0.6433026   0.6237538   0.6053307   0.5880497   0.5718162   0.5565651
  11.4429208   0.6190725   0.7453498   0.7150230   0.6907123   0.6671516   0.6438002   0.6214949   0.6006991   0.5815123   0.5638662
  11.4715998   0.8273251   0.7969033   0.7433066   0.7142317   0.6879017   0.6613352   0.6356330   0.6117069   0.5898649   0.5700555
  11.5002788   1.0741589   0.8249908   0.7639459   0.7334410   0.7051628   0.6759870   0.6474335   0.6208343   0.5966987   0.5750059
  11.5289578   0.9786868   0.8218383   0.7766000   0.7480789   0.7186288   0.6874472   0.6566323   0.6278762   0.6018615   0.5786064
  11.5576368   0.7587771   0.7951114   0.7825851   0.7580768   0.7280734   0.6954737   0.6630178   0.6326658   0.6052279   0.5807644
  11.5863158   0.6469176   0.7663474   0.7841517   0.7635011   0.7333433   0.6998922   0.6664354   0.6350780   0.6067017   0.5814075
  11.6149948   0.5991199   0.7568636   0.7833130   0.7644673   0.7343497   0.7005970   0.6667893   0.6350322   0.6062179   0.5804851
  11.6436738   0.6506245   0.7722773   0.7808483   0.7610596   0.7310612   0.6975518   0.6640446   0.6324935   0.6037441   0.5779692
  11.6723528   0.8810926   0.7985334   0.7760138   0.7532862   0.7235006   0.6907894   0.6582266   0.6274729   0.5992804   0.5738546
  11.7010318   1.0539271   0.8128733   0.7670758   0.7410884   0.7117469   0.6804124   0.6494201   0.6200260   0.5928591   0.5681587
  11.7297108   0.9142036   0.8007321   0.7523007   0.7243927   0.6959422   0.6665925   0.6377662   0.6102507   0.5845432   0.5609210
  11.7583898   0.6900793   0.7643770   0.7308101   0.7031858   0.6763021   0.6495695   0.6234588   0.5982842   0.5744243   0.5522016
  11.7870688   0.6503138   0.7173302   0.7028610   0.6775846   0.6531281   0.6296484   0.6067389   0.5842984   0.5626196   0.5420796
  11.8157478   0.6774489   0.6723388   0.6695141   0.6478832   0.6268165   0.6071944   0.5878880   0.5684947   0.5492692   0.5306513
  11.8444268   0.6305052   0.6342008   0.6320153   0.6145711   0.5978626   0.5826251   0.5672198   0.5510985   0.5345314   0.5180274
  11.8731058   0.5744910   0.6001961   0.5913215   0.5783301   0.5668557   0.5563989   0.5450710   0.5323522   0.5185794   0.5043308
  11.9017848   0.5741166   0.5637842   0.5480246   0.5400173   0.5344638   0.5290007   0.5217912   0.5125093   0.5015965   0.4896937
  11.9304638   0.6062460   0.5187499   0.5026416   0.5006412   0.5014072   0.5009243   0.4977323   0.4918273   0.4837719   0.4742546
  11.9591428   0.5429809   0.4634916   0.4560286   0.4613248   0.4684224   0.4726531   0.4732380   0.4705611   0.4652965   0.4581556
  11.9878218   0.3501447   0.4029850   0.4096549   0.4232482   0.4362177   0.4446403   0.4486335   0.4489573   0.4463586   0.4415397
  12.0165008   0.2269264   0.3453115   0.3655939   0.3875621   0.4054272   0.4172899   0.4242168   0.4272486   0.4271404   0.4245480
  12.0451798   0.2844628   0.2955136   0.3262396   0.3552734   0.3765651   0.3909408   0.4002515   0.4056489   0.4078146   0.4073173
  12.0738588   0.3350394   0.2541290   0.2938442   0.3271171   0.3499901   0.3658557   0.3769609   0.3843502   0.3885418   0.3899781
  12.1025378   0.2230503   0.2222560   0.2699858   0.3034421   0.3258830   0.3422147   0.3545256   0.3635197   0.3694676   0.3726526
  12.1312168   0.0862460   0.2056092   0.2550791   0.2841400   0.3042436   0.3201171   0.3330827   0.3432983   0.3507216   0.3554530
  12.1598958   0.0677980   0.2104191   0.2480701   0.2686463   0.2849080   0.2995871   0.3127268   0.3238000   0.3324160   0.3384807
  12.1885748   0.1829263   0.2346592   0.2464729   0.2560245   0.2675851   0.2805874   0.2935143   0.3051127   0.3146448   0.3218251
  12.2172538   0.3618789   0.2650326   0.2468405   0.2451246   0.2519081   0.2630346   0.2754677   0.2872993   0.2974842   0.3055630
  12.2459328   0.4354313   0.2843660   0.2455857   0.2347873   0.2374925   0.2468172   0.2585819   0.2703991   0.2809927   0.2897591
  12.2746118   0.3399790   0.2826937   0.2398885   0.2240503   0.2239923   0.2318138   0.2428301   0.2544310   0.2652119   0.2744650
  12.3032908   0.2370476   0.2617302   0.2283603   0.2123118   0.2111456   0.2179074   0.2281697   0.2393956   0.2501679   0.2597207
  12.3319698   0.2041451   0.2299728   0.2112518   0.1994154   0.1988012   0.2049966   0.2145478   0.2252779   0.2358721   0.2455543
  12.3606488   0.1913644   0.1949252   0.1902012   0.1856395   0.1869245   0.1930010   0.2019049   0.2120499   0.2223236   0.2319835
  12.3893278   0.1854984   0.1599563   0.1676884   0.1715994   0.1755818   0.1818620   0.1901779   0.1996733   0.2095102   0.2190159
  12.4180068   0.1408728   0.1268194   0.1464043   0.1580881   0.1649072   0.1715381   0.1793021   0.1881018   0.1974102   0.2066506
  12.4466858   0.0629795   0.0990978   0.1286807   0.1458945   0.1550602   0.1619978   0.1692113   0.1772827   0.1859944   0.1948794
  12.4753648   0.0170487   0.0821075   0.1160601   0.1356390   0.1461812   0.1532100   0.1598384   0.1671593   0.1752276   0.1836873
  12.5040438   0.0183779   0.0793021   0.1090515   0.1276606   0.1383540   0.1451353   0.1511145   0.1576719   0.1650702   0.1730544
  12.5327228   0.0669614   0.0889601   0.1071135   0.1219694   0.1315806   0.1377191   0.1429690   0.1487597   0.1554796   0.1629569
  12.5614018   0.1422502   0.1046285   0.1088794   0.1182688   0.1257724   0.1308876   0.1353297   0.1403618   0.1464120   0.1533682
  12.5900808   0.1675921   0.1191075   0.1125626   0.1160301   0.1207569   0.1245475   0.1281231   0.1324186   0.1378234   0.1442597
  12.6187598   0.1319014   0.1283236   0.1164147   0.1145975   0.1162980   0.1185898   0.1212759   0.1248731   0.1296707   0.1356023
  12.6474388   0.1118285   0.1318600   0.1190833   0.1132975   0.1121257   0.1128965   0.1147168   0.1176719   0.1219132   0.1273668
  12.6761178   0.1407062   0.1308158   0.1197710   0.1115307   0.1079681   0.1073488   0.1083791   0.1107665   0.1145126   0.1195249
  12.7047968   0.1673402   0.1262901   0.1181864   0.1088357   0.1035827   0.1018371   0.1022032   0.1041140   0.1074347   0.1120500
  12.7334758   0.1253526   0.1197731   0.1143633   0.1049204   0.0987806   0.0962694   0.0961390   0.0976784   0.1006493   0.1049173
  12.7621548   0.0671708   0.1132736   0.1084624   0.0996666   0.0934434   0.0905790   0.0901482   0.0914306   0.0941308   0.0981044
  12.7908338   0.0810961   0.1075471   0.1006568   0.0931163   0.0875294   0.0847285   0.0842058   0.0853495   0.0878584   0.0915917
  12.8195128   0.1428787   0.1005308   0.0911417   0.0854456   0.0810713   0.0787119   0.0783007   0.0794218   0.0818160   0.0853623
  12.8481918   0.1467504   0.0888845   0.0802314   0.0769331   0.0741656   0.0725532   0.0724359   0.0736413   0.0759923   0.0794021
  12.8768708   0.0785977   0.0716324   0.0684517   0.0679233   0.0669570   0.0663023   0.0666267   0.0680093   0.0703803   0.0736998
  12.9055498   0.0218378   0.0518596   0.0565342   0.0587875   0.0596197   0.0600292   0.0608995   0.0625329   0.0649769   0.0682467
  12.9342288   0.0035518   0.0345873   0.0452849   0.0498835   0.0523374   0.0538166   0.0552888   0.0572242   0.0597824   0.0630363
  12.9629078   0.0033321   0.0231750   0.0353807   0.0415196   0.0452865   0.0477525   0.0498345   0.0520993   0.0547999   0.0580640
  12.9915868   0.0119135   0.0175756   0.0271986   0.0339274   0.0386212   0.0419228   0.0445787   0.0471764   0.0500344   0.0533270
  13.0202658   0.0236845   0.0153121   0.0207635   0.0272483   0.0324634   0.0364051   0.0395628   0.0424748   0.0454920   0.0488238
  13.0489448   0.0244034   0.0136579   0.0158283   0.0215344   0.0268980   0.0312644   0.0348245   0.0380134   0.0411798   0.0445534
  13.0776238   0.0130220   0.0111953   0.0120289   0.0167633   0.0219720   0.0265492   0.0303963   0.0338092   0.0371042   0.0405156
  13.1063028   0.0035987   0.0080075   0.0090311   0.0128595   0.0176973   0.0222908   0.0263032   0.0298769   0.0332713   0.0367100
  13.1349818   0.0005151   0.0049039   0.0066106   0.0097191   0.0140568   0.0185031   0.0225618   0.0262273   0.0296857   0.0331361
  13.1636608   0.0000382   0.0025552   0.0046544   0.0072292   0.0110110   0.0151842   0.0191805   0.0228674   0.0263502   0.0297927
  13.1923398   0.0000015   0.0011305   0.0031171   0.0052821   0.0085056   0.0123182   0.0161592   0.0197998   0.0232657   0.0266780
  13.2210188   0.0000000   0.0004245   0.0019694   0.0037819   0.0064779   0.0098787   0.0134899   0.0170228   0.0204307   0.0237889
  13.2496978   0.0000000   0.0001352   0.0011674   0.0026459   0.0048627   0.0078311   0.0111582   0.0145304   0.0178416   0.0211215
  13.2783768   0.0000000   0.0000365   0.0006469   0.0018037   0.0035960   0.0061361   0.0091443   0.0123128   0.0154924   0.0186706
  13.3070558   0.0000000   0.0000084   0.0003344   0.0011947   0.0026183   0.0047520   0.0074241   0.0103570   0.0133750   0.0164296
  13.3357348   0.0000000   0.0000016   0.0001610   0.0007671   0.0018756   0.0036367   0.0059712   0.0086471   0.0114795   0.0143911
  13.3644138   0.0000000   0.0000003   0.0000721   0.0004764   0.0013208   0.0027500   0.0047573   0.0071654   0.0097942   0.0125465
  13.3930928   0.0000000   0.0000000   0.0000301   0.0002857   0.0009136   0.0020543   0.0037544   0.0058928   0.0083062   0.0108863
  13.4217718   0.0000000   0.0000000   0.0000117   0.0001652   0.0006202   0.0015157   0.0029346   0.0048094   0.0070014   0.0094001
  13.4504508   0.0000000   0.0000000   0.0000042   0.0000920   0.0004128   0.0011042   0.0022719   0.0038951   0.0058655   0.0080771
  13.4791298   0.0000000   0.0000000   0.0000014   0.0000493   0.0002692   0.0007942   0.0017418   0.0031303   0.0048835   0.0069058
  13.5078088   0.0000000   0.0000000   0.0000004   0.0000254   0.0001719   0.0005637   0.0013224   0.0024962   0.0040406   0.0058748
  13.5364878   0.0000000   0.0000000   0.0000001   0.0000126   0.0001074   0.0003947   0.0009941   0.0019750   0.0033222   0.0049725
  13.5651668   0.0000000   0.0000000   0.0000000   0.0000060   0.0000656   0.0002726   0.0007398   0.0015505   0.0027143   0.0041872
  13.5938458   0.0000000   0.0000000   0.0000000   0.0000027   0.0000392   0.0001856   0.0005451   0.0012076   0.0022036   0.0035078
  13.6225248   0.0000000   0.0000000   0.0000000   0.0000012   0.0000228   0.0001246   0.0003976   0.0009331   0.0017775   0.0029234
  13.6512038   0.0000000   0.0000000   0.0000000   0.0000005   0.0000130   0.0000824   0.0002870   0.0007152   0.0014247   0.0024236
  13.6798828   0.0000000   0.0000000   0.0000000   0.0000002   0.0000072   0.0000537   0.0002050   0.0005439   0.0011345   0.0019987
  13.7085618   0.0000000   0.0000000   0.0000000   0.0000001   0.0000039   0.0000344   0.0001449   0.0004102   0.0008975   0.0016396
  13.7372408   0.0000000   0.0000000   0.0000000   0.0000000   0.0000021   0.0000217   0.0001013   0.0003069   0.0007055   0.0013378
  13.7659198   0.0000000   0.0000000   0.0000000   0.0000000   0.0000011   0.0000135   0.0000701   0.0002278   0.0005509   0.0010858
  13.7945988   0.0000000   0.0000000   0.0000000   0.0000000   0.0000005   0.0000083   0.0000480   0.0001676   0.0004274   0.0008765
  13.8232778   0.0000000   0.0000000   0.0000000   0.0000000   0.0000003   0.0000050   0.0000324   0.0001223   0.0003293   0.0007037
  13.8519568   0.0000000   0.0000000   0.0000000   0.0000000   0.0000001   0.0000029   0.0000217   0.0000885   0.0002521   0.0005620
  13.8806358   0.0000000   0.0000000   0.0000000   0.0000000   0.0000001   0.0000017   0.0000144   0.0000636   0.0001917   0.0004463
  13.9093148   0.0000000   0.0000000   0.0000000   0.0000000   0.0000000   0.0000010   0.0000094   0.0000452   0.0001448   0.0003525
  13.9379938   0.0000000   0.0000000   0.0000000   0.0000000   0.0000000   0.0000006   0.0000061   0.0000319   0.0001087   0.0002770
  13.9666728   0.0000000   0.0000000   0.0000000   0.0000000   0.0000000   0.0000003   0.0000039   0.0000223   0.0000810   0.0002164
  13.9953517   0.0000000   0.0000000   0.0000000   0.0000000   0.0000000   0.0000002   0.0000024   0.0000155   0.0000599   0.0001681
  14.0240307   0.0000000   0.0000000   0.0000000   0.0000000   0.0000000   0.0000001   0.0000015   0.0000106   0.0000441   0.0001299
  14.0527097   0.0000000   0.0000000   0.0000000   0.0000000   0.0000000   0.0000000   0.0000009   0.0000073   0.0000322   0.0000998
  14.0813887   0.0000000   0.0000000   0.0000000   0.0000000   0.0000000   0.0000000   0.0000006   0.0000049   0.0000233   0.0000763
  14.1100677   0.0000000   0.0000000   0.0000000   0.0000000   0.0000000   0.0000000   0.0000003   0.0000033   0.0000168   0.0000579
  14.1387467   0.0000000   0.0000000   0.0000000   0.0000000   0.0000000   0.0000000   0.0000002   0.0000022   0.0000120   0.0000438
  14.1674257   0.0000000   0.0000000   0.0000000   0.0000000   0.0000000   0.0000000   0.0000001   0.0000014   0.0000085   0.0000329
  14.1961047   0.0000000   0.0000000   0.0000000   0.0000000   0.0000000   0.0000000   0.0000001   0.0000009   0.0000060   0.0000246
  14.2247837   0.0000000   0.0000000   0.0000000   0.0000000   0.0000000   0.0000000   0.0000000   0.0000006   0.0000042   0.0000183
  14.2534627   0.0000000   0.0000000   0.0000000   0.0000000   0.0000000   0.0000000   0.0000000   0.0000004   0.0000029   0.0000135
  14.2821417   0.0000000   0.0000000   0.0000000   0.0000000   0.0000000   0.0000000   0.0000000   0.0000002   0.0000020   0.0000099
  14.3108207   0.0000000   0.0000000   0.0000000   0.0000000   0.0000000   0.0000000   0.0000000   0.0000002   0.0000014   0.0000072
  14.3394997   0.0000000   0.0000000   0.0000000   0.0000000   0.0000000   0.0000000   0.0000000   0.0000001   0.0000009   0.0000053
