# Temperature [K]                Resistivity [micro Ohm cm] for different Phonon smearing (meV)        
#        0.0500000   0.1000000   0.1500000   0.2000000   0.2500000   0.3000000   0.3500000   0.4000000   0.4500000   0.5000000
      10   0.0044963   0.0045041   0.0045172   0.0045356   0.0045593   0.0045885   0.0046232   0.0046636   0.0047098   0.0047620
      20   0.1471361   0.1471968   0.1472980   0.1474398   0.1476224   0.1478459   0.1481105   0.1484166   0.1487644   0.1491542
      30   0.5825039   0.5826061   0.5827764   0.5830150   0.5833220   0.5836978   0.5841424   0.5846563   0.5852398   0.5858934
      40   1.1763577   1.1764823   1.1766902   1.1769814   1.1773563   1.1778149   1.1783578   1.1789852   1.1796977   1.1804958
      50   1.8155625   1.8157063   1.8159460   1.8162818   1.8167141   1.8172431   1.8178692   1.8185931   1.8194153   1.8203364
      60   2.4574920   2.4576559   2.4579292   2.4583121   2.4588050   2.4594082   2.4601223   2.4609479   2.4618858   2.4629366
      70   3.0898496   3.0900351   3.0903444   3.0907778   3.0913358   3.0920186   3.0928271   3.0937618   3.0948237   3.0960136
      80   3.7105186   3.7107269   3.7110741   3.7115607   3.7121871   3.7129537   3.7138614   3.7149109   3.7161032   3.7174393
      90   4.3204264   4.3206581   4.3210446   4.3215861   4.3222832   4.3231364   4.3241466   4.3253146   4.3266417   4.3281288
     100   4.9211950   4.9214507   4.9218772   4.9224748   4.9232441   4.9241858   4.9253007   4.9265899   4.9280545   4.9296958
     110   5.5144094   5.5146895   5.5151566   5.5158111   5.5166537   5.5176850   5.5189061   5.5203180   5.5219222   5.5237199
     120   6.1014238   6.1017285   6.1022366   6.1029486   6.1038651   6.1049869   6.1063151   6.1078510   6.1095960   6.1115515
     130   6.6833424   6.6836718   6.6842212   6.6849909   6.6859818   6.6871948   6.6886309   6.6902915   6.6921782   6.6942926
     140   7.2610504   7.2614047   7.2619955   7.2628234   7.2638890   7.2651935   7.2667379   7.2685238   7.2705529   7.2728267
     150   7.8352555   7.8356346   7.8362670   7.8371531   7.8382938   7.8396900   7.8413432   7.8432548   7.8454266   7.8478605
     160   8.4065241   8.4069283   8.4076023   8.4085468   8.4097627   8.4112509   8.4130130   8.4150506   8.4173656   8.4199599
     170   8.9753128   8.9757420   8.9764578   8.9774608   8.9787519   8.9803324   8.9822036   8.9843674   8.9868257   8.9895807
     180   9.5419916   9.5424459   9.5432034   9.5442650   9.5456315   9.5473043   9.5492848   9.5515749   9.5541769   9.5570928
     190  10.1068627  10.1073421  10.1081415  10.1092617  10.1107037  10.1124688  10.1145587  10.1169753  10.1197210  10.1227980
     200  10.6701749  10.6706793  10.6715206  10.6726995  10.6742171  10.6760746  10.6782740  10.6808172  10.6837067  10.6869448
     210  11.2321342  11.2326638  11.2335470  11.2347846  11.2363777  11.2383278  11.2406367  11.2433066  11.2463400  11.2497394
     220  11.7929129  11.7934676  11.7943927  11.7956891  11.7973578  11.7994005  11.8018189  11.8046156  11.8077929  11.8113537
     230  12.3526554  12.3532353  12.3542023  12.3555574  12.3573018  12.3594371  12.3619652  12.3648886  12.3682100  12.3719321
     240  12.9114841  12.9120891  12.9130982  12.9145120  12.9163321  12.9185600  12.9211977  12.9242479  12.9277134  12.9315971
     250  13.4695031  13.4701333  13.4711842  13.4726569  13.4745526  13.4768732  13.4796206  13.4827977  13.4864073  13.4904524
     260  14.0268013  14.0274567  14.0285496  14.0300811  14.0320525  14.0344657  14.0373229  14.0406268  14.0443806  14.0485872
     270  14.5834555  14.5841360  14.5852709  14.5868612  14.5889084  14.5914142  14.5943812  14.5978120  14.6017099  14.6060781
     280  15.1395318  15.1402375  15.1414144  15.1430635  15.1451864  15.1477849  15.1508616  15.1544193  15.1584614  15.1629913
     290  15.6950878  15.6958186  15.6970375  15.6987455  15.7009441  15.7036354  15.7068218  15.7105065  15.7146928  15.7193842
     300  16.2501737  16.2509297  16.2521906  16.2539574  16.2562318  16.2590157  16.2623120  16.2661235  16.2704541  16.2753071
     310  16.8048335  16.8056148  16.8069176  16.8087433  16.8110934  16.8139701  16.8173761  16.8213146  16.8257894  16.8308040
     320  17.3591060  17.3599124  17.3612573  17.3631418  17.3655677  17.3685371  17.3720529  17.3761184  17.3807374  17.3859137
     330  17.9130254  17.9138570  17.9152439  17.9171872  17.9196888  17.9227510  17.9263766  17.9305691  17.9353323  17.9406703
     340  18.4666220  18.4674788  18.4689077  18.4709099  18.4734872  18.4766422  18.4803775  18.4846970  18.4896045  18.4951041
     350  19.0199227  19.0208047  19.0222756  19.0243367  19.0269898  19.0302375  19.0340827  19.0385291  19.0435809  19.0492422
     360  19.5729517  19.5738589  19.5753718  19.5774917  19.5802206  19.5835611  19.5875161  19.5920895  19.5972855  19.6031085
     370  20.1257305  20.1266629  20.1282178  20.1303966  20.1332013  20.1366344  20.1406993  20.1453996  20.1507400  20.1567246
     380  20.6782784  20.6792360  20.6808329  20.6830705  20.6859510  20.6894769  20.6936516  20.6984789  20.7039635  20.7101099
     390  21.2306129  21.2315956  21.2332345  21.2355310  21.2384873  21.2421059  21.2463904  21.2513448  21.2569737  21.2632817
     400  21.7827495  21.7837574  21.7854384  21.7877938  21.7908258  21.7945372  21.7989315  21.8040128  21.8097860  21.8162558
     410  22.3347026  22.3357357  22.3374586  22.3398729  22.3429807  22.3467849  22.3512890  22.3564974  22.3624148  22.3690463
     420  22.8864850  22.8875433  22.8893082  22.8917814  22.8949650  22.8988619  22.9034759  22.9088112  22.9148730  22.9216661
     430  23.4381084  23.4391919  23.4409989  23.4435309  23.4467902  23.4507799  23.4555037  23.4609661  23.4671722  23.4741270
     440  23.9895835  23.9906922  23.9925412  23.9951321  23.9984672  24.0025497  24.0073833  24.0129727  24.0193231  24.0264396
     450  24.5409201  24.5420540  24.5439450  24.5465947  24.5500057  24.5541809  24.5591244  24.5648407  24.5713354  24.5786137
     460  25.0921270  25.0932861  25.0952191  25.0979277  25.1014144  25.1056824  25.1107357  25.1165791  25.1232181  25.1306581
     470  25.6432124  25.6443967  25.6463717  25.6491392  25.6527017  25.6570625  25.6622256  25.6681960  25.6749793  25.6825810
     480  26.1941838  26.1953933  26.1974104  26.2002367  26.2038750  26.2083286  26.2136015  26.2196990  26.2266265  26.2343899
     490  26.7450482  26.7462828  26.7483419  26.7512271  26.7549412  26.7594875  26.7648703  26.7710948  26.7781666  26.7860918
     500  27.2958117  27.2970716  27.2991727  27.3021168  27.3059066  27.3105457  27.3160384  27.3223898  27.3296060  27.3376928
     510  27.8464804  27.8477654  27.8499085  27.8529115  27.8567772  27.8615090  27.8671115  27.8735900  27.8809505  27.8891990
     520  28.3970595  28.3983698  28.4005549  28.4036168  28.4075582  28.4123828  28.4180952  28.4247006  28.4322054  28.4406157
     530  28.9475542  28.9488897  28.9511168  28.9542376  28.9582548  28.9631722  28.9689944  28.9757268  28.9833760  28.9919480
     540  29.4979691  29.4993298  29.5015989  29.5047785  29.5088715  29.5138817  29.5198137  29.5266732  29.5344666  29.5432004
     550  30.0483084  30.0496943  30.0520054  30.0552439  30.0594127  30.0645157  30.0705576  30.0775441  30.0854818  30.0943773
     560  30.5985763  30.5999873  30.6023405  30.6056379  30.6098825  30.6150782  30.6212299  30.6283434  30.6364255  30.6454826
     570  31.1487763  31.1502126  31.1526077  31.1559640  31.1602844  31.1655729  31.1718344  31.1790750  31.1873013  31.1965202
     580  31.6989121  31.7003735  31.7028107  31.7062258  31.7106220  31.7160033  31.7223747  31.7297423  31.7381129  31.7474935
     590  32.2489867  32.2504734  32.2529526  32.2564266  32.2608986  32.2663726  32.2728539  32.2803484  32.2888634  32.2984058
     600  32.7990034  32.8005152  32.8030364  32.8065693  32.8111171  32.8166839  32.8232750  32.8308966  32.8395559  32.8492600
     610  33.3489648  33.3505018  33.3530651  33.3566568  33.3612804  33.3669400  33.3736409  33.3813896  33.3901932  33.4000590
     620  33.8988737  33.9004359  33.9030411  33.9066918  33.9113911  33.9171435  33.9239543  33.9318299  33.9407779  33.9508054
     630  34.4487324  34.4503199  34.4529672  34.4566767  34.4614518  34.4672970  34.4742176  34.4822203  34.4913125  34.5015018
     640  34.9985435  35.0001561  35.0028454  35.0066138  35.0114648  35.0174027  35.0244332  35.0325629  35.0417994  35.0521504
     650  35.5483090  35.5499468  35.5526781  35.5565054  35.5614321  35.5674628  35.5746032  35.5828599  35.5922407  35.6027534
     660  36.0980310  36.0996940  36.1024673  36.1063535  36.1113560  36.1174795  36.1247297  36.1331134  36.1426386  36.1533130
     670  36.6477114  36.6493996  36.6522150  36.6561600  36.6612383  36.6674546  36.6748146  36.6833254  36.6929949  36.7038310
     680  37.1973521  37.1990655  37.2019229  37.2059268  37.2110809  37.2173900  37.2248598  37.2334976  37.2433114  37.2543093
     690  37.7469548  37.7486934  37.7515928  37.7556556  37.7608855  37.7672873  37.7748670  37.7836318  37.7935899  37.8047495
     700  38.2965210  38.2982848  38.3012263  38.3053479  38.3106536  38.3171482  38.3248378  38.3337296  38.3438320  38.3551534
     710  38.8460524  38.8478414  38.8508248  38.8550054  38.8603869  38.8669743  38.8747737  38.8837925  38.8940393  38.9055223
     720  39.3955504  39.3973646  39.4003900  39.4046295  39.4100867  39.4167669  39.4246761  39.4338220  39.4442131  39.4558579
     730  39.9450163  39.9468557  39.9499231  39.9542214  39.9597545  39.9665274  39.9745465  39.9838194  39.9943548  40.0061613
     740  40.4944514  40.4963160  40.4994255  40.5037826  40.5093915  40.5162572  40.5243862  40.5337861  40.5444658  40.5564340
     750  41.0438569  41.0457467  41.0488982  41.0533143  41.0589990  41.0659574  41.0741962  41.0837232  41.0945472  41.1066772
     760  41.5932341  41.5951491  41.5983426  41.6028176  41.6085780  41.6156293  41.6239779  41.6336319  41.6446002  41.6568919
     770  42.1425840  42.1445242  42.1477597  42.1522936  42.1581298  42.1652739  42.1737323  42.1835133  42.1946260  42.2070794
     780  42.6919077  42.6938730  42.6971506  42.7017433  42.7076554  42.7148922  42.7234605  42.7333685  42.7446255  42.7572407
     790  43.2412061  43.2431966  43.2465162  43.2511678  43.2571557  43.2644852  43.2731634  43.2831984  43.2945997  43.3073766
     800  43.7904802  43.7924959  43.7958575  43.8005680  43.8066316  43.8140540  43.8228420  43.8330041  43.8445497  43.8574883
     810  44.3397308  44.3417718  44.3451754  44.3499448  44.3560842  44.3635993  44.3724972  44.3827863  44.3944762  44.4075766
     820  44.8889590  44.8910251  44.8944708  44.8992990  44.9055142  44.9131221  44.9221299  44.9325460  44.9443802  44.9576423
     830  45.4381653  45.4402567  45.4437443  45.4486315  45.4549225  45.4626232  45.4717407  45.4822839  45.4942624  45.5076863
     840  45.9873507  45.9894673  45.9929970  45.9979429  46.0043098  46.0121032  46.0213307  46.0320008  46.0441237  46.0577092
     850  46.5365159  46.5386576  46.5422293  46.5472342  46.5536768  46.5615631  46.5709003  46.5816975  46.5939647  46.6077120
     860  47.0856615  47.0878284  47.0914422  47.0965059  47.1030243  47.1110034  47.1204505  47.1313747  47.1437862  47.1576952
     870  47.6347883  47.6369804  47.6406361  47.6457588  47.6523530  47.6604248  47.6699818  47.6810330  47.6935888  47.7076596
     880  48.1838968  48.1861141  48.1898119  48.1949934  48.2016634  48.2098280  48.2194948  48.2306731  48.2433732  48.2576057
     890  48.7329877  48.7352303  48.7389701  48.7442105  48.7509562  48.7592136  48.7689903  48.7802955  48.7931400  48.8075342
     900  49.2820616  49.2843294  49.2881112  49.2934105  49.3002320  49.3085822  49.3184687  49.3299010  49.3428898  49.3574457
     910  49.8311191  49.8334120  49.8372358  49.8425940  49.8494914  49.8579343  49.8679307  49.8794900  49.8926231  49.9073407
     920  50.3801606  50.3824787  50.3863446  50.3917616  50.3987348  50.4072705  50.4173767  50.4290630  50.4423404  50.4572198
     930  50.9291867  50.9315300  50.9354379  50.9409138  50.9479627  50.9565912  50.9668073  50.9786206  50.9920424  51.0070835
     940  51.4781978  51.4805664  51.4845162  51.4900510  51.4971758  51.5058970  51.5162230  51.5281633  51.5417294  51.5569323
     950  52.0271945  52.0295883  52.0335802  52.0391738  52.0463744  52.0551884  52.0656242  52.0776916  52.0914020  52.1067666
     960  52.5761772  52.5785961  52.5826301  52.5882826  52.5955590  52.6044658  52.6150114  52.6272058  52.6410605  52.6565868
     970  53.1251464  53.1275905  53.1316664  53.1373778  53.1447300  53.1537296  53.1643850  53.1767065  53.1907055  53.2063936
     980  53.6741023  53.6765716  53.6806896  53.6864599  53.6938878  53.7029802  53.7137455  53.7261940  53.7403373  53.7561871
     990  54.2230455  54.2255400  54.2297000  54.2355292  54.2430329  54.2522181  54.2630932  54.2756687  54.2899564  54.3059679
    1000  54.7719763  54.7744960  54.7786980  54.7845861  54.7921656  54.8014435  54.8124285  54.8251311  54.8395630  54.8557363
